1.104040948830180280e-02
2.219276065055167044e-03
1.864891749461490078e-03
1.687363834821199466e-03
1.575263098259630607e-03
1.500899087331799544e-03
1.441296195739480077e-03
1.393557581614382652e-03
1.352889447686323474e-03
1.323834762583749698e-03
1.297829914451556271e-03
1.276551080676809318e-03
1.257026539318382985e-03
1.243968957661338061e-03
1.228182268926255585e-03
1.213448275505234295e-03
1.201944759935864599e-03
1.189478441779768256e-03
1.177077842654983882e-03
1.164491030026566874e-03
1.159138023395558806e-03
1.148276316130909802e-03
1.140419380449862524e-03
1.134004474390660740e-03
1.126203262988646368e-03
1.123888080713322281e-03
1.117093195354482583e-03
1.109064902097407941e-03
1.100047429322460442e-03
1.097089145683901234e-03
1.088838483486085111e-03
1.083097568557175828e-03
1.085209574572240654e-03
1.076497652046928865e-03
1.070164485249445628e-03
1.067580326312353488e-03
1.059219052456322188e-03
1.056988010014609175e-03
1.052271434351673141e-03
1.050945102851057493e-03
1.046285475423443115e-03
1.041551389751254860e-03
1.037315243933760586e-03
1.037555502752875039e-03
1.030369033786856505e-03
1.030701532468246764e-03
1.022401072784328516e-03
1.023464153420801642e-03
1.020209067701025995e-03
1.131317456334253110e-03
