1.531563616480947736e-02
1.411301078042586938e-03
1.185440876663402306e-03
1.038515415065410048e-03
9.690675673178216236e-04
9.219394043060367668e-04
8.879093182399175853e-04
8.626933236781835282e-04
8.388622969524361711e-04
8.206661250231080292e-04
8.046788802523844068e-04
7.889313127251865523e-04
7.740070243180325639e-04
7.650137780721480950e-04
7.522894095450980909e-04
7.409213490836804358e-04
7.324705967089735047e-04
7.208532411905535639e-04
7.120940675858263968e-04
7.040061389106415293e-04
6.938143326365885837e-04
6.933449010659718716e-04
6.811945135995987064e-04
6.733827535758773021e-04
6.686850911190500481e-04
6.633138638625865093e-04
6.543251265756166134e-04
6.496453077190076286e-04
6.441582887678649070e-04
6.403597244576332732e-04
6.369083394383972521e-04
6.289382933399113905e-04
6.255020206541711926e-04
6.254595865410244931e-04
6.170832950519471085e-04
6.341606979064156420e-04
6.082831320128287726e-04
6.049374727786070065e-04
5.992060458566691788e-04
5.960871282472606034e-04
5.942531937171078834e-04
5.862209428190903043e-04
5.868129257022348423e-04
5.804474837440478513e-04
5.792915762226805805e-04
5.792519350333296541e-04
5.731581534670458647e-04
5.701636588791569047e-04
5.680556924993274484e-04
5.609450846482186412e-04
