5.863128051593518089e-03
6.030710897279256645e-04
4.682967175353816873e-04
4.126467551254686303e-04
3.762284113059780901e-04
3.470604655114152776e-04
3.219223292619773687e-04
3.000759655126712406e-04
2.804346347359654265e-04
2.629602775204942862e-04
2.463331361573830041e-04
2.314780391832056933e-04
2.168697785931639947e-04
2.039651339189936952e-04
1.925064791679232247e-04
1.811175470451733822e-04
1.729059013333624102e-04
1.621376290580540426e-04
1.531818286338471763e-04
1.447954289527568310e-04
