6.928158118264879928e-01
6.921874712203177626e-01
6.915562229806654360e-01
6.909215554581420449e-01
6.902792010203913087e-01
6.896284327674300219e-01
6.889648499064995324e-01
6.882881365752268055e-01
6.875918721237026521e-01
6.868744772025398015e-01
6.861324544388324176e-01
6.853612672626759883e-01
6.845549839257987212e-01
6.837096417754230382e-01
6.828167323870030225e-01
6.818699454650126723e-01
6.808620556970594873e-01
6.797811460594402888e-01
6.786143639378325876e-01
6.773460944580719234e-01
6.759582562965317232e-01
6.744257856133447637e-01
6.727201415187639144e-01
6.708098568549694107e-01
6.686385412574937792e-01
6.661439012150344174e-01
6.632429229301101126e-01
6.598216826377789612e-01
6.556997843616589883e-01
6.506404481734244794e-01
6.442709648789879395e-01
6.360056242632297074e-01
6.248102933864753128e-01
6.088879896356724775e-01
5.843914626010692226e-01
5.418262422896581443e-01
4.355610440643601367e-01
2.228916390959697624e-01
1.304547166475772679e-01
1.002078053649402001e-01
