3.281691687290760970e-03
1.131604901429118662e-03
1.041822114752963832e-03
9.998227692743330737e-04
9.609707650806227804e-04
9.879846010405221677e-04
9.363435915628105267e-04
1.012814748853369624e-03
9.133063290399788710e-04
1.017457516569448715e-03
1.022978809014812298e-03
1.049994848249063278e-03
1.067726160452189691e-03
1.047675955932727805e-03
1.167004121265651949e-03
1.181163857072724688e-03
1.169747230115501802e-03
1.111239947442472543e-03
9.326836234012228022e-04
9.915510836625252792e-04
1.013256422037210006e-03
1.107014111939433549e-03
1.080754762593984881e-03
1.184464489336428672e-03
1.142208936720251738e-03
1.022837014747616504e-03
9.970792445247996048e-04
1.231886664653516214e-03
1.566542849554521761e-03
1.103120874378897814e-03
1.413251839325062277e-03
1.171579056729844196e-03
1.060471617279501932e-03
1.193419167118711698e-03
1.869847615129488364e-03
1.414836785937972300e-03
1.022569039538332109e-03
1.334741674012097186e-03
1.383127635790008586e-03
2.077917371457491374e-03
