6.942393034256368056e-02
1.045051713142560595e-01
1.122599718390662749e-01
1.142540636033568119e-01
1.205317590061019406e-01
1.299852300737950050e-01
1.414327930543500256e-01
1.466765152551839091e-01
1.495568700563960352e-01
1.608567218099510310e-01
1.568685385399942456e-01
1.666912862665103912e-01
1.737075341449970667e-01
1.745199419150852693e-01
1.794682430045643484e-01
1.831610051851769172e-01
1.838257028453018915e-01
1.875923197094675754e-01
1.902511081544123739e-01
1.970457911403351858e-01
2.014032506894325725e-01
2.030280658114079761e-01
2.062776964845650374e-01
2.132200896519853839e-01
2.148449038880350381e-01
2.225997050236387942e-01
2.212703111670922262e-01
2.310192029884682030e-01
2.328655843566580508e-01
2.349335313107449585e-01
2.411373711935350383e-01
2.430576071847488917e-01
2.474150671080261044e-01
2.503692772531087019e-01
2.586410643431073519e-01
2.576070908385506564e-01
2.615952737838513897e-01
2.638109306553089728e-01
2.680945349320703053e-01
2.737813891300950875e-01
2.748892183361941188e-01
2.801329403719486355e-01
2.821270318115831621e-01
2.849335309497714741e-01
2.847858198548349207e-01
2.895125558316443692e-01
2.922451995104067279e-01
2.904726737887327603e-01
2.954948300625055979e-01
2.997045788028039337e-01
3.025849331032754441e-01
3.028803552711379909e-01
3.074593798008415924e-01
3.090841957702242238e-01
3.131462341529404059e-01
3.093796163313145553e-01
3.121122602962144721e-01
3.187592320551372316e-01
3.169867069277488847e-01
3.228951257211947201e-01
3.183899557484833887e-01
3.275480061725464243e-01
3.260709015622272888e-01
3.287296894293944005e-01
3.345642545462711448e-01
3.296159530055751685e-01
3.364844902403421600e-01
3.341949778874480637e-01
3.379615953789151805e-01
3.384785819881247493e-01
3.464549479887791827e-01
3.426883306733966572e-01
3.480797643323416679e-01
3.464549469102608525e-01
3.522156572940606800e-01
3.495568682383223269e-01
3.581240761095170755e-01
3.582717875786334827e-01
3.589364842702930658e-01
3.597488918808045555e-01
3.621861149324447915e-01
3.610044313014170170e-01
3.721565729229981967e-01
3.657311671241523787e-01
3.658788770745388663e-01
3.702363368327367676e-01
3.737075326625846627e-01
3.713441653124867070e-01
3.735598225361135283e-01
3.774002953769537427e-01
3.727474145294116248e-01
3.808714926374892062e-01
3.794682419898767201e-01
3.864106336495725103e-01
3.841211222211226572e-01
3.878877390522724178e-01
3.909896591477415306e-01
3.948301324287932790e-01
3.948301319445605695e-01
3.991875917908007665e-01
3.962333819098451393e-01
3.926144749410395707e-01
3.985228944388238825e-01
4.018463798340525805e-01
4.005169850420564615e-01
4.070901021119234797e-01
4.061299840667927374e-01
4.070901021559445998e-01
4.100443124771118164e-01
4.077547991117311255e-01
4.150664685307788870e-01
4.172082701409056682e-01
4.158788768016076776e-01
4.224519926388823898e-01
4.214180192443785500e-01
4.149926135775962033e-01
4.243722290372918815e-01
4.266617414342071535e-01
4.269571630518052552e-01
4.259970446545052747e-01
4.274741493968879369e-01
4.282865570073994266e-01
4.279172801284705785e-01
4.345642516232663954e-01
4.314623320560511677e-01
4.406203818638180225e-01
4.375923176899970679e-01
4.332348591203703525e-01
4.412850797000276715e-01
4.368537648565836151e-01
4.423929092803065011e-01
4.457902492765485891e-01
4.426883288289102381e-01
4.441654344517159680e-01
4.505908394581810139e-01
4.471196440245235326e-01
4.542097481878328291e-01
4.482274725042734720e-01
4.536927613144963178e-01
4.536927599938616607e-01
4.576070886683076822e-01
4.596011806802172139e-01
4.601181670252998401e-01
4.629985201482054169e-01
4.616691260165266542e-01
4.644756255509053799e-01
4.603397310924670638e-01
4.627769559489747220e-01
4.681683870546927140e-01
4.672821246010513963e-01
4.686853748304629086e-01
4.689069407905398501e-01
4.725997015679780366e-01
4.697193469923743314e-01
4.807237799621931207e-01
4.801329362867853834e-01
4.747415038384222297e-01
4.787296874660508794e-01
4.824224488597853022e-01
4.779911346766586022e-01
4.861152115741543822e-01
4.859675021080006041e-01
4.933530262161040514e-01
4.912112228451310236e-01
4.897341188511080690e-01
4.872230403180312641e-01
4.892909873711657753e-01
4.914327888052079651e-01
4.898079746406927004e-01
5.018463785398306065e-01
4.908419468466252988e-01
4.978581958366461446e-01
4.994091564126345584e-01
4.955686827353923962e-01
5.034711938488959371e-01
5.006646948867922164e-01
5.022895087871804831e-01
5.031757741242074422e-01
5.086410621420495159e-01
5.069423887102783022e-01
5.028803516261862727e-01
5.108567186613378608e-01
5.049483000439766167e-01
5.123338226993819911e-01
5.112998498331320363e-01
5.098227446505378957e-01
5.177991108492875361e-01
5.150664677648107981e-01
5.173559809541068422e-01
5.137370724885819140e-01
5.177252563803375063e-01
5.196454928227682846e-01
5.214180184784104055e-01
5.266617402060169706e-01
5.221565717960565678e-01
5.273264374479409433e-01
5.240768072700219271e-01
5.268094526876199168e-01
5.267355965018448716e-01
5.272525817904197831e-01
5.340472660529560489e-01
5.313884756765830941e-01
5.344903968285598106e-01
5.366321979984750579e-01
5.333825692292329945e-01
5.362629214276943834e-01
5.396602635369519563e-01
5.403988159741749397e-01
5.388478559264404666e-01
5.446085656059017621e-01
5.411373684113980342e-01
5.453471194518016985e-01
5.452732629578785906e-01
5.439438680778402313e-01
5.440177242195940455e-01
5.405465267609633750e-01
5.471934999725843740e-01
5.488921697946207434e-01
5.484490385788054478e-01
5.552437214766858808e-01
5.472673538692592876e-01
5.533973393271205410e-01
5.542097456169973180e-01
5.595273250491087369e-01
5.502215644985745113e-01
5.614475603469893938e-01
5.600443110860432450e-01
5.543574584287589424e-01
5.603397341563395306e-01
5.638847830904815117e-01
5.646971932542200756e-01
5.596011810147779597e-01
5.666912839895160703e-01
5.648449019279930816e-01
5.707533210736082108e-01
5.696454941786198711e-01
5.718611510500773987e-01
5.740029531004158247e-01
5.683899528871082518e-01
5.655834554217238352e-01
5.663220074187353958e-01
5.740029532324791850e-01
5.745199404579850455e-01
5.754800585911580280e-01
5.668389935437122551e-01
5.742245186202811214e-01
5.745937938704271941e-01
5.799852270671500554e-01
5.816838964929961220e-01
5.800590834730309231e-01
5.777695696674386427e-01
5.798375157080866149e-01
5.770310186829137322e-01
5.810930564273231180e-01
5.796898059337847187e-01
5.828655818188384075e-01
5.894386988446842501e-01
5.867799097009036569e-01
5.851550958885576303e-01
5.894386977881765910e-01
5.884047260664766466e-01
5.918759244055303848e-01
5.898818316452612009e-01
5.903249617165265972e-01
5.886262905298342840e-01
5.895864106879804556e-01
5.918759227327264894e-01
5.982274712892895474e-01
5.906942381992650315e-01
5.988921710624300898e-01
5.963810925293532295e-01
6.003692747923260464e-01
6.005908396078529776e-01
6.016248152914568381e-01
5.976366307834050096e-01
5.988921700939645598e-01
6.050960105490297281e-01
6.033234865661913915e-01
6.038404727792106019e-01
6.061299842076603994e-01
6.055391422930989087e-01
6.062776936738142330e-01
6.025110769307067127e-01
6.101181677912679291e-01
6.063515484949334455e-01
6.077547992525987874e-01
6.070901030451719693e-01
6.048005904721720505e-01
6.112998501236717175e-01
6.091580491298410616e-01
6.128508125485486735e-01
6.102658784900141242e-01
6.186115202910791311e-01
6.157311664198138468e-01
6.104874440979217720e-01
6.169867042776753241e-01
6.179468236434406681e-01
6.120384042336987074e-01
6.164697174483598774e-01
6.204579027928136536e-01
6.178729676777714452e-01
6.176514045350485205e-01
6.180945324052560252e-01
6.217872973206828302e-01
6.199409155232867841e-01
6.212703093468174842e-01
6.203840481477791435e-01
6.258493346689018022e-01
6.290251081768131192e-01
6.265878877224211330e-01
6.242983740048710928e-01
6.239290990188519626e-01
6.265140318447941503e-01
6.304283598149016399e-01
6.314623339137439562e-01
6.310930575190477620e-01
6.269571637649480333e-01
6.372968975339012854e-01
6.305760706897324264e-01
6.368537659659166961e-01
6.304283586703516296e-01
6.338257029806669829e-01
6.328655815899284498e-01
6.371491870112397926e-01
6.344165431343822270e-01
6.370014763124935975e-01
6.395864101949435554e-01
6.384047261016936314e-01
6.350812420711207107e-01
6.449778435677510080e-01
6.408419506060319959e-01
6.432053168556010059e-01
6.435007382530933961e-01
6.382570155790320277e-01
6.451255512730585950e-01
6.342688329638899170e-01
6.411373712111435585e-01
6.422451997789357936e-01
6.454209738151008846e-01
6.453471196983202596e-01
6.466026575561816259e-01
6.511078268245544809e-01
6.427621856397857103e-01
6.483013274222392264e-01
6.470457894763355089e-01
6.502215658016007316e-01
6.514032482220467601e-01
6.510339741164506977e-01
6.532496308118237449e-01
6.526587892494314369e-01
6.475627759534816619e-01
6.523633667954313875e-01
6.514771054203084555e-01
6.551698673422966523e-01
6.532496315161622213e-01
6.500738547506853537e-01
6.556868529390197375e-01
6.511816830543506462e-01
6.519202376926315212e-01
6.621861147915770740e-01
6.567946840600389358e-01
6.553914342708390128e-01
6.548744462089313156e-01
6.552437223395005672e-01
6.534711958914775076e-01
6.646971927083576981e-01
6.574593815000582264e-01
6.575332342962042498e-01
6.618168381327540484e-01
6.634416538820309128e-01
6.555391423283158936e-01
6.660265870601422833e-01
6.698670610895537392e-01
6.576070904379581750e-01
6.631462337171309951e-01
6.667651402017038542e-01
6.692762174141460019e-01
6.731166903870496876e-01
6.659527337357423749e-01
6.626292470639002508e-01
6.650664691910962434e-01
6.664697180998729875e-01
6.710487454469306057e-01
6.715657317479920563e-01
6.725997059348767237e-01
6.675775481643845266e-01
6.725997050544535449e-01
6.731166931163613532e-01
6.802067938900416832e-01
6.747415069287073797e-01
6.720088619953420439e-01
6.744460868518497021e-01
6.803545049409570611e-01
6.700886272257152720e-01
6.745937957017072995e-01
6.751107820908111012e-01
6.757016242694995345e-01
6.782127007776032057e-01
6.776957158852187080e-01
6.776218624727764483e-01
6.845642545726837724e-01
6.781388485097110674e-01
6.773264409872418179e-01
6.829394383831953741e-01
6.807237822160763230e-01
6.807976364208992992e-01
6.844903997515645599e-01
6.848596751337742150e-01
6.809453472076878455e-01
6.856720823480952909e-01
6.847119628942875957e-01
6.841211222123183555e-01
6.827917274203223474e-01
6.821270320933185971e-01
6.902511088147297302e-01
6.859675032173336851e-01
6.895125562014220444e-01
6.909896610758681224e-01
6.872968982734567467e-01
6.881093054877778226e-01
6.918759224509911654e-01
6.903249634597643514e-01
6.897341204006527393e-01
6.902511081984334940e-01
6.947562780831025853e-01
6.916543571952527003e-01
6.935745922290064147e-01
6.907680945875374068e-01
6.898818328602451810e-01
6.961595281364294507e-01
6.938700144188795216e-01
6.923190556917796501e-01
6.920974883230257557e-01
6.985228940338292780e-01
6.947562775548487002e-01
6.998522873291060931e-01
7.001477092548522574e-01
7.008124091600561600e-01
7.017725250921714730e-01
6.922451990217718398e-01
6.980059077327677164e-01
7.008862638050907812e-01
6.971196467098140781e-01
7.023633679751983827e-01
7.008124098643946365e-01
7.036927631193636845e-01
7.011816845862869352e-01
7.004431303882175941e-01
6.973412100286215942e-01
7.010339732712446148e-01
7.055391435080827778e-01
7.072378140784788547e-01
6.977843420368177174e-01
7.063515508544674359e-01
7.076070888884133936e-01
7.043574592387482625e-01
7.048744450995981792e-01
7.096750357654633135e-01
7.030280645347944946e-01
7.104135909319980735e-01
7.115214171226479367e-01
7.077548009077943014e-01
7.067208274252481104e-01
7.134416549737555568e-01
7.062038406839751259e-01
7.085672075498403721e-01
7.036189053928482151e-01
7.129985231416440250e-01
7.118168382560132734e-01
7.167651403249630793e-01
7.122599710565902242e-01
7.142540627603516379e-01
7.132200894538901492e-01
7.133678001526363444e-01
7.103397340859056719e-01
7.119645503634364214e-01
7.108567224119403116e-01
7.113737069521556267e-01
7.123338257896670855e-01
7.160265870073169170e-01
7.144756282802170455e-01
7.195716389348975062e-01
7.172082723331592025e-01
7.200147700626705616e-01
7.142540621440555126e-01
7.165435760376900332e-01
7.221565722010512278e-01
7.192023628043283656e-01
7.224519937746282094e-01
7.206794673266051499e-01
7.215657301984473859e-01
7.232644006808012227e-01
7.231905449792588314e-01
7.228212703454089949e-01
7.240029544386589189e-01
7.227474147319089548e-01
7.256277693955549557e-01
7.262924667475318952e-01
7.262186124546665678e-01
7.210487436332589928e-01
7.232644018253512330e-01
7.285819798487855881e-01
7.304283596212085561e-01
7.238552445322935514e-01
7.270310192727972298e-01
7.257016245688434619e-01
7.276957153041394566e-01
7.266617431422279783e-01
7.329394371858199975e-01
7.275480053097317379e-01
7.296159532432894279e-01
7.332348590235238106e-01
7.345642543437738148e-01
7.326440165807084348e-01
7.393648454498504830e-01
7.334564263922777050e-01
7.317577544132046752e-01
7.288773999256432656e-01
7.314623324874585109e-01
7.328655836853353867e-01
7.330871491171584431e-01
7.298375184109855418e-01
7.325701629041392327e-01
7.323485957995122808e-01
7.366321999001890219e-01
7.364844906101198907e-01
7.335302813014392687e-01
7.333087162217853949e-01
7.377400289962351421e-01
7.373707538341314205e-01
7.397341231651812787e-01
7.323485972081893447e-01
7.398079771939197746e-01
7.347119646903507162e-01
7.389217115047235218e-01
7.384047269645082068e-01
7.418020666085810566e-01
7.405465290148466329e-01
7.413589368894850651e-01
7.439438697154271418e-01
7.398079761374120045e-01
7.430576086924735035e-01
7.390694225556388997e-01
7.336779912958468763e-01
7.410635153159080835e-01
7.462333847536117837e-01
7.397341205239119644e-01
7.378877396069389860e-01
7.442392910248771809e-01
7.380354508339390662e-01
7.506646969117652946e-01
7.455686853766617661e-01
7.420236344175465959e-01
7.487444602932500359e-01
7.440915802380887456e-01
7.454209744137886284e-01
7.406203857728966833e-01
7.434268844708734614e-01
7.481536185547731366e-01
7.483013301339423995e-01
7.494091578213115667e-01
7.445347125984541625e-01
7.507385530535192197e-01
7.511078286558345862e-01
7.517725271523615360e-01
7.454209752942118072e-01
7.478581986540001614e-01
7.553914333728074526e-01
7.517725261838961170e-01
7.468242238508193687e-01
7.531019194791729321e-01
7.511078278634537586e-01
7.549483012765689782e-01
7.562038394865996382e-01
7.533234848229536373e-01
7.508124067300884219e-01
7.502215678970077795e-01
7.529542115097384025e-01
7.590103392410841865e-01
7.525849328259421878e-01
7.533973427255536981e-01
7.573855238439766158e-01
7.571639572676034380e-01
7.587887726647111197e-01
7.553914318760881486e-01
7.556129985405035665e-01
7.585672078491841885e-01
7.567946824576688991e-01
7.582717868038610920e-01
7.542097510404037752e-01
7.603397318320225251e-01
7.584933528519803847e-01
7.585672060883379419e-01
7.578286571728073406e-01
7.593057607266188169e-01
7.573116699913228222e-01
7.604135892063687008e-01
7.596011813317302686e-01
7.588626295988457615e-01
7.632939441341417552e-01
7.606351556066571762e-01
7.552437218816805409e-01
7.623338260890110130e-01
7.644017734943147069e-01
7.622599700352994390e-01
7.622599708276802666e-01
7.665435739598914777e-01
7.659527337181338824e-01
7.669867078169761987e-01
7.669867061441723033e-01
7.610782861181341064e-01
7.617429829418571607e-01
7.702363364981760219e-01
7.672821272775376400e-01
7.689069436431107407e-01
7.646233378696301042e-01
7.687592317117721841e-01
7.626292463419532819e-01
7.722304280258528442e-01
7.641802081505340016e-01
7.646233400706878847e-01
7.686115207488991574e-01
7.696454943194875886e-01
7.710487444608566943e-01
7.648449036536223433e-01
7.716395884884337253e-01
7.751846375106180576e-01
7.727474145910412373e-01
7.676514019113875875e-01
7.728212703806258688e-01
7.706794680661606112e-01
7.699409159811068104e-01
7.697193517818761155e-01
7.731166911618220228e-01
7.741506651726219879e-01
7.660265902120571013e-01
7.734121114147642917e-01
7.701624829096491709e-01
7.752584932121603378e-01
7.745199399825565267e-01
7.712703101568066932e-01
7.743722297240219765e-01
7.697932040497682538e-01
7.682422439139914294e-01
7.710487449891105793e-01
7.787296900544948830e-01
7.726735585373296633e-01
7.787296896142832381e-01
7.785081234781217052e-01
7.709010328816874313e-01
7.772525836833295010e-01
7.810192016590292718e-01
7.739290975397411509e-01
7.711226013069490959e-01
7.772525837713717412e-01
7.807237810539178202e-01
7.748153623485142250e-01
7.794682418754217412e-01
7.776218610464910030e-01
7.794682431080141027e-01
7.780649935829410113e-01
7.783604136597986889e-01
7.842688327173714669e-01
7.827178728457215851e-01
7.746676510334719046e-01
7.856720818022329134e-01
7.824224528569062587e-01
7.835302807203600173e-01
7.811669120936485244e-01
7.804283616813986191e-01
7.799852281764831918e-01
7.832348605554599885e-01
7.856720823304867984e-01
7.852289518190099793e-01
7.873707543976021794e-01
7.888478597122597913e-01
7.777695705126448367e-01
7.816100456866063029e-01
7.824224525927793161e-01
7.866322008158290746e-01
7.833087150244100183e-01
7.826440174963484875e-01
7.858197942618253551e-01
7.850073848904676188e-01
7.867799108982790335e-01
7.857459396167907340e-01
7.862629248613445254e-01
7.869276219491944113e-01
7.889955687382020910e-01
7.849335305976022914e-01
7.841949765756176527e-01
7.900295418685788773e-01
7.799113730912370368e-01
7.803545056276870451e-01
7.858936482025213888e-01
7.856720817141906732e-01
7.877400305281714310e-01
7.916543573537287992e-01
7.872230434347290418e-01
7.890694233832366011e-01
