5.546658238420810072e+00
4.596497754050498763e+00
4.409793074057056117e+00
4.321019329383771534e+00
4.206196690943955652e+00
4.062971041861101362e+00
3.928169518489077028e+00
3.834372107000083130e+00
3.758819246926019098e+00
3.711518793373727920e+00
3.663125950265317954e+00
3.613077186939459118e+00
3.568508605309039794e+00
3.527956120900952897e+00
3.493594069600633567e+00
3.463541142521439742e+00
3.427425475733318905e+00
3.399729722007514887e+00
3.372027383421161151e+00
3.339452587871467149e+00
3.310597942357929480e+00
3.280515766214232798e+00
3.256129251096942401e+00
3.218913649174452107e+00
3.195986780141269801e+00
3.161004781370853056e+00
3.138434575262591064e+00
3.105194656324175462e+00
3.078229445650447094e+00
3.061840772980953584e+00
3.032967185340216254e+00
3.011883689874736536e+00
2.989749997898254019e+00
2.973321730136166963e+00
2.948065371421802805e+00
2.929442187355751681e+00
2.904669039006423592e+00
2.888187240110366538e+00
2.868440420976241523e+00
2.839059992061936377e+00
2.831774366483026384e+00
2.809742425005756328e+00
2.790269240670929740e+00
2.770269436885546277e+00
2.758821439531740527e+00
2.737889605047431729e+00
2.717170440463935410e+00
2.716372778707980551e+00
2.690563249094975795e+00
2.672698056856321447e+00
2.660403383007077682e+00
2.640150053990644619e+00
2.627669343920190581e+00
2.611336648904414304e+00
2.603179342813646713e+00
2.585817187364203740e+00
2.574755261884658530e+00
2.557392750744277521e+00
2.550083248794871249e+00
2.530897044008556307e+00
2.527947433237839103e+00
2.501947657924635138e+00
2.504538776955540946e+00
2.482740480755421419e+00
2.472205657198298656e+00
2.466002213902100060e+00
2.440055259749667638e+00
2.434998241802086127e+00
2.424734734009780901e+00
2.412473793748210582e+00
2.400567696048730770e+00
2.389437069040633688e+00
2.375591803512685729e+00
2.373670506160403537e+00
2.353769708771473290e+00
2.351157957553159150e+00
2.330259078714660870e+00
2.321950444090489452e+00
2.316464965769600148e+00
2.301181587898220471e+00
2.293272642476519962e+00
2.282397618498020364e+00
2.270827788545954906e+00
2.266699463789360713e+00
2.259532211450213435e+00
2.244938391526305477e+00
2.232810449741087222e+00
2.228221527758870391e+00
2.209991680818611304e+00
2.201938372066841509e+00
2.200231195024408670e+00
2.188780226066510348e+00
2.180364715824099076e+00
2.167716237255530309e+00
2.163288080533815272e+00
2.149024183676197186e+00
2.143300766078549024e+00
2.129018714896333098e+00
2.118256067067516568e+00
2.115954623088526887e+00
2.103698119279024503e+00
2.096556414881696195e+00
2.081047028875421478e+00
2.080185962920702902e+00
2.070914484725569160e+00
2.060993242475095411e+00
2.050673082977137351e+00
2.047833876912667606e+00
2.036626891864455224e+00
2.032853301201824614e+00
2.015905940902462223e+00
2.010581120958708556e+00
2.002885300792654810e+00
1.990497324808309543e+00
1.979651510627442379e+00
1.978227626625861157e+00
1.965648721732980553e+00
1.954560615991736139e+00
1.949844432370173131e+00
1.949881441660082260e+00
1.932929669032244835e+00
1.934562847216336978e+00
1.927925596209009163e+00
1.906185999578704049e+00
1.904853773610102330e+00
1.894659063136383992e+00
1.893375540589652406e+00
1.895193017391897827e+00
1.881084340713929270e+00
1.869628206841878804e+00
1.862534123650329665e+00
1.853538450321383424e+00
1.854788892378306908e+00
1.835149093427897560e+00
1.828712567621002982e+00
1.821716125817911758e+00
1.817918412618482193e+00
1.811928317148893131e+00
1.807195888840465559e+00
1.795699182253996717e+00
1.786565859525559352e+00
1.780261745481054314e+00
1.778123643937103759e+00
1.774691292242954521e+00
1.764432925065123614e+00
1.758477765665096504e+00
1.747987896864312107e+00
1.747031653649345539e+00
1.741436953030449653e+00
1.733677119236753050e+00
1.726686927909512947e+00
1.716509252214361236e+00
1.718507680266083026e+00
1.708068925837822549e+00
1.697991677189859328e+00
1.695913959817308747e+00
1.692120064660752821e+00
1.676886804699017297e+00
1.676851394257482086e+00
1.674835520797853361e+00
1.664258728351339478e+00
1.656774291787929343e+00
1.643935117622950193e+00
1.643145294626142894e+00
1.641260454186308504e+00
1.639474704311376430e+00
1.626950836075989892e+00
1.628365132974204821e+00
1.620841383229682409e+00
1.613653372098283301e+00
1.617207252468633172e+00
1.593620582380534278e+00
1.592508060541251602e+00
1.587406499523179804e+00
1.583223873790645220e+00
1.582351644423018566e+00
1.571301259529643390e+00
1.568882868772419448e+00
1.564906275078676190e+00
1.563906726668117031e+00
1.555480814754874874e+00
1.549331986217414192e+00
1.539319183308757832e+00
1.534615933630984141e+00
1.539923901395924499e+00
1.531201911641716817e+00
1.519905109525255149e+00
1.515791552457710800e+00
1.515822985675873813e+00
1.509529304117008364e+00
1.501750080412916910e+00
1.495388921113627090e+00
1.491058492237919308e+00
1.486440480723867141e+00
1.484126313398296482e+00
1.477036989069759665e+00
1.475180789145972504e+00
1.477192713379683831e+00
1.466589044785041818e+00
1.467119108274733019e+00
1.446989351572631310e+00
1.450825096057119845e+00
1.449941297225445069e+00
1.435601561953433247e+00
1.444712564723354298e+00
1.436371260414799789e+00
1.431288964375083239e+00
1.424855093484086899e+00
1.423368022484124307e+00
1.413949911316177088e+00
1.416636995057763970e+00
1.412603106597325686e+00
1.400854090468041768e+00
1.398581780922465656e+00
1.394028330483147782e+00
1.393720668034856391e+00
1.391650940678144321e+00
1.384513442238113123e+00
1.382682144906003163e+00
1.365902291619091047e+00
1.376548277398508047e+00
1.369847577819091722e+00
1.362566676238438967e+00
1.357603719878936355e+00
1.361671209159242446e+00
1.346374776021768582e+00
1.348481431669463326e+00
1.349176981600559877e+00
1.332648861179323685e+00
1.328841670225078708e+00
1.329664970606433405e+00
1.324561832398396310e+00
1.314337657684765626e+00
1.325131128070273556e+00
1.308539478430191583e+00
1.317721093070735927e+00
1.307722827708527547e+00
1.302716268394334964e+00
1.301753268108057915e+00
1.304077185943524730e+00
1.299894380604674993e+00
1.289481602179951336e+00
1.289339356795723646e+00
1.280670212678050035e+00
1.285779309765803013e+00
1.279765499571401621e+00
1.277378197698860740e+00
1.276406879791304849e+00
1.264021980885740915e+00
1.263088504267936285e+00
1.271359492175864414e+00
1.260841801036231891e+00
1.261899758653063142e+00
1.243033105724847376e+00
1.253543451758571958e+00
1.242054250691102535e+00
1.243015055818430969e+00
1.239407400965162331e+00
1.234603086813866213e+00
1.237030679929555843e+00
1.229043969287477944e+00
1.222628731319083784e+00
1.221655496290198428e+00
1.218192030619307031e+00
1.218075756660416342e+00
1.223760326644694585e+00
1.217207862320115241e+00
1.206818949876895086e+00
1.207146010159389604e+00
1.203112793990040785e+00
1.205528256812159027e+00
1.191527461899964502e+00
1.193925851909237279e+00
1.184523279680987473e+00
1.192035417965279009e+00
1.187829533743189225e+00
1.187151434150369056e+00
1.180394441725760579e+00
1.177452961662495357e+00
1.166053682169498673e+00
1.170970164162369542e+00
1.174545521045893270e+00
1.165591253311630604e+00
1.164156932774463415e+00
1.162058381421527287e+00
1.157255802408102774e+00
1.160438226544170393e+00
1.154478308193088498e+00
1.144834833448007183e+00
1.149618607328068309e+00
1.135490303641760290e+00
1.144485020038824574e+00
1.128867409606099548e+00
1.134774793550218153e+00
1.136646925434580124e+00
1.131048395855564159e+00
1.125836881964386249e+00
1.131895602013547109e+00
1.128845573352041720e+00
1.116990260218587938e+00
1.120235045340071789e+00
1.115954466285170366e+00
1.116351679473719161e+00
1.111702154623000594e+00
1.111226052265927855e+00
1.109456485800412118e+00
1.114309606735252034e+00
1.102283178967598420e+00
1.089269928777235386e+00
1.096143140046247799e+00
1.100038356759875713e+00
1.096530758823918816e+00
1.094818227048110382e+00
1.089883677892530045e+00
1.080120815836344450e+00
1.083886127176101555e+00
1.083860636285700174e+00
1.075054801725390474e+00
1.078218709771002759e+00
1.066057615301281514e+00
1.075915799535359652e+00
1.071589015083087570e+00
1.073350089515505701e+00
1.063574059499067248e+00
1.060732571201803420e+00
1.061074100709912260e+00
1.053754655790117623e+00
1.049351006526186403e+00
1.059269102936833518e+00
1.044764106083479804e+00
1.048048975196511634e+00
1.049088671781463811e+00
1.039200139978963877e+00
1.046772227681721956e+00
1.038346052521968987e+00
1.049172429425677677e+00
1.039344161088568752e+00
1.037041127681732178e+00
1.027441509893408877e+00
1.029890524847997035e+00
1.024386485358989018e+00
1.022726382251328170e+00
1.030857426993427861e+00
1.016337888983891213e+00
1.019431599926208909e+00
1.009637945071633069e+00
1.021467531537375795e+00
1.013037472214973533e+00
1.008570533911621991e+00
1.006270407749948026e+00
1.016388336611991461e+00
1.011104590783619361e+00
1.005885574631007806e+00
1.002486067209145126e+00
9.978226191712270543e-01
1.001884085388972556e+00
9.904953840035983781e-01
1.004338309014741526e+00
9.914807006386570087e-01
9.902613670998521300e-01
9.876913790160478657e-01
9.846180182616151022e-01
9.952092681360737991e-01
9.930400065692523981e-01
9.886354369109983109e-01
9.712702982358777382e-01
9.788974736606704807e-01
9.837447933995741023e-01
9.710087170452980088e-01
9.722515557682144260e-01
9.809990290172695415e-01
9.668521900472824004e-01
9.650949415815457400e-01
9.679654724840928148e-01
9.624039674263056288e-01
9.627750593415038693e-01
9.549629801837521414e-01
9.589214765162729082e-01
9.578482711156678375e-01
9.620973400914686335e-01
9.526230357422258432e-01
9.474070058087302737e-01
9.464371716782472577e-01
9.367473944251258899e-01
9.442315587617093886e-01
9.438470143335080387e-01
9.411997853212905607e-01
9.388138369232019720e-01
9.316664110082291117e-01
9.303666929902847382e-01
9.377555883265316083e-01
9.336107867154976869e-01
9.223132751540912277e-01
9.411300141666981700e-01
9.309525366547892755e-01
9.270872444662773271e-01
9.258681237257390118e-01
9.197847434653841914e-01
9.197485518244203906e-01
9.290135920135802472e-01
9.174531895441706553e-01
9.138195784968851099e-01
9.227289935158485834e-01
9.143978595029303991e-01
9.137523868059301835e-01
9.055275172215269119e-01
9.091127437361938846e-01
9.076430563384355610e-01
9.151395978392314889e-01
9.070647702259362344e-01
9.064817224330704581e-01
9.028697729638971436e-01
9.025237982875311538e-01
9.028852316090063557e-01
8.924299194154218240e-01
8.964954650736629560e-01
8.985636134795635943e-01
8.899415846765481586e-01
8.953275160211932038e-01
8.922259170160335984e-01
8.867983373440526673e-01
8.818503163942029710e-01
8.891860727369345074e-01
8.802771039164049016e-01
8.779995121843177097e-01
8.825663159129538693e-01
8.854642842333637631e-01
8.807258451882986616e-01
8.761251640988946265e-01
8.674705798904159826e-01
8.759299081748838089e-01
8.728966427694571095e-01
8.716354265346837327e-01
8.730384609723901290e-01
8.781828424250885945e-01
8.656697273254394531e-01
8.701004101571515603e-01
8.533550442761825838e-01
8.558728442234337930e-01
8.714350845824316849e-01
8.612319761048039535e-01
8.523047514468915509e-01
8.615170152007740612e-01
8.512205119675336773e-01
8.494522077646353697e-01
8.508929454417489824e-01
8.532073922576368652e-01
8.514761573454829868e-01
8.540677438810622135e-01
8.432818762132653356e-01
8.477451792055605839e-01
8.392320647725678429e-01
8.492993609415727674e-01
8.394579737718207424e-01
8.355715776651965188e-01
8.398039114704159980e-01
8.410032780695172461e-01
8.283874842405671846e-01
8.373445302380064792e-01
8.267340137123885269e-01
8.248355886080416255e-01
8.302463942827819077e-01
8.348683029017033297e-01
8.248952671203162446e-01
8.297284942786133932e-01
8.271308201454591336e-01
8.322960345220354883e-01
8.239067625612064294e-01
8.204029234156474670e-01
8.147776603170476806e-01
8.216401588617434637e-01
8.180121078625035569e-01
8.174322737900862057e-01
8.141355662437450569e-01
8.183794545898409600e-01
8.166763944499073613e-01
8.135226437577116609e-01
8.142242874493450522e-01
8.096418084915139035e-01
8.088067270804367714e-01
8.134980086385763531e-01
8.010454985204440437e-01
8.023063724467109914e-01
8.028985177396494866e-01
7.997440192160613082e-01
7.994943486975073510e-01
7.961839021044608833e-01
8.043821107161449602e-01
7.880418061153575682e-01
7.918965908942229293e-01
7.946791546735665346e-01
7.890014732077695880e-01
7.930266437185391482e-01
7.862579803170974824e-01
7.924018645744379530e-01
7.894414761922208257e-01
7.778515865038557742e-01
7.796878297888898413e-01
7.882852013741497021e-01
7.859747061173003591e-01
7.832631805974941130e-01
7.706688901346225862e-01
7.731991470124204291e-01
7.832634795891834090e-01
7.739442277870290932e-01
7.800158558074973270e-01
7.719953867498141609e-01
7.724270508947893576e-01
7.666820580885364000e-01
7.750059943783759175e-01
7.662326533297844078e-01
7.638837873847657001e-01
7.605848033283802989e-01
7.607587361089236389e-01
7.591140283219395268e-01
7.654495786000565793e-01
7.677481599713358307e-01
7.709330697179368475e-01
7.592736770518597744e-01
7.593256336371339010e-01
7.574334969548742746e-01
7.652274730286534599e-01
7.585961329179817803e-01
7.607859057020753824e-01
7.588547223427799526e-01
7.467967986708378136e-01
7.477590797394734201e-01
7.567395467965958300e-01
7.449221888356230004e-01
7.501728701098454577e-01
7.453255712369696306e-01
7.513823290871376459e-01
7.380452514399101771e-01
7.461869073935414320e-01
7.453062486789426844e-01
7.452150057654612914e-01
7.367502317118680422e-01
7.419690244130933143e-01
7.410951935558234283e-01
7.284392532252842445e-01
7.432826255589856101e-01
7.333524725902027530e-01
7.308598221492907943e-01
7.456555203637836859e-01
7.357272546259655543e-01
7.348781663874931480e-01
7.289532097262857446e-01
7.315897193669920195e-01
7.270840889770135984e-01
7.327269234720678037e-01
7.237828196063528230e-01
7.256515213622652949e-01
7.308021687862615856e-01
7.165236913295053300e-01
7.249150662689828328e-01
7.212018028143766246e-01
7.242505962422538524e-01
7.283325263985502840e-01
7.180836788396539605e-01
7.144717769573498689e-01
7.156900021314973603e-01
7.148888959842383262e-01
7.155881237068063561e-01
7.079130961412517520e-01
7.160678939946116817e-01
7.110121886698498317e-01
7.086377895741201582e-01
7.006527632695005448e-01
7.070916221096033016e-01
7.124137913634893682e-01
7.005162192412281996e-01
7.011957940710171755e-01
7.047214346058787715e-01
7.004870955489762574e-01
7.053882455456027545e-01
7.069672343914054080e-01
7.086626110788286637e-01
6.987786238443551845e-01
6.916652784037625734e-01
6.997237335807992009e-01
6.979445238409225372e-01
6.968985476381140964e-01
6.918338226426827831e-01
6.864804366226562315e-01
6.963794065014826673e-01
6.940301135512538799e-01
6.914755890429283847e-01
6.882966874797376011e-01
6.912225976124120042e-01
6.932534432833796778e-01
6.823969427028470092e-01
6.860957996619857502e-01
6.903210400302441929e-01
6.899020943895224356e-01
6.816599362005687501e-01
6.865077362763124524e-01
6.816045501911833782e-01
6.830837509128508955e-01
6.869407999638792450e-01
6.710295303885658313e-01
6.777629146195585097e-01
6.844662690268309424e-01
6.681858320532028106e-01
6.698833709277289827e-01
6.717712733030671846e-01
6.714511337185187223e-01
6.664774075392606578e-01
6.670191157691763850e-01
6.749278510779009865e-01
6.703206355321706944e-01
6.772686599628612303e-01
6.728299979445149237e-01
6.574383765855250639e-01
6.614239828625316786e-01
6.569276437977744632e-01
6.690755565726422827e-01
6.673600786369695559e-01
6.747468265332006165e-01
6.523478829702210602e-01
6.635450790340474692e-01
6.638563291625046991e-01
6.622284123429167391e-01
6.602128053433433674e-01
6.533253077566183453e-01
6.614016831537469221e-01
6.572412286762648881e-01
6.476633534649802737e-01
6.576326833693985074e-01
6.541636661905657624e-01
6.516170963050695875e-01
6.568365217663865163e-01
6.529528388596708144e-01
6.568103441459565150e-01
6.543235114309249312e-01
6.461184603248776304e-01
6.577743341818870215e-01
6.422972506575252982e-01
6.582875257932980784e-01
6.377796126609363014e-01
6.451767998220649947e-01
6.517682219889878725e-01
6.399335786810301796e-01
6.466070975299423873e-01
6.495632952742245170e-01
6.433080355561113794e-01
6.339430085313196850e-01
6.425253260258909638e-01
6.334978576248823101e-01
6.301798485054399546e-01
6.456706840847584727e-01
6.306366763755877347e-01
6.271311544773321422e-01
6.422743483431405664e-01
6.430456341193381276e-01
6.362238496850125546e-01
6.316207444826292816e-01
6.302512641583446484e-01
6.286660396718204424e-01
6.292060617594106287e-01
6.362611466531739035e-01
6.306519810346944421e-01
6.313396422866528468e-01
6.204426408342279542e-01
6.203751755958117897e-01
6.323290378779745646e-01
6.160946282361423609e-01
6.276544165223880700e-01
6.188006254471563050e-01
6.202928535695265699e-01
6.256127778325157873e-01
6.273682573521330852e-01
6.196142995022952960e-01
6.105788643286181872e-01
6.181577959564270586e-01
6.163775101194001182e-01
6.130428336219562180e-01
6.257093304017093960e-01
6.236619379707065702e-01
6.194528226398118287e-01
6.147632433357407278e-01
6.201680058742731205e-01
6.156179530757921459e-01
6.104952296795134181e-01
6.160981957986401136e-01
6.122435333105450406e-01
6.038885196695651381e-01
6.115768693134386869e-01
6.049188793674001863e-01
6.028182085719031580e-01
6.126866162791738679e-01
6.081969806679594637e-01
6.040139915407848337e-01
6.118432098512635031e-01
6.125436559033358153e-01
6.051082062140172857e-01
6.066247527233078474e-01
6.035014082797345303e-01
6.021794876196535640e-01
6.070039963880705658e-01
6.070541661546360324e-01
