1.655534111391564547e-02
1.976342503205473240e-03
1.499043340679048373e-03
1.224789440413452668e-03
1.091817476936128529e-03
1.007090385531421656e-03
9.505096143499002599e-04
9.041887102764833506e-04
8.720513105928424501e-04
8.415841728544104028e-04
8.213007875698154214e-04
8.015444665779238205e-04
7.844231324032413868e-04
7.678974205530062890e-04
7.548922389217668739e-04
7.426856603274274845e-04
7.322525699120785436e-04
7.194942012530867797e-04
7.078528905249608727e-04
6.983786271565076489e-04
6.904084373953211281e-04
6.819303386757078920e-04
6.757647479638102762e-04
6.681807507339238006e-04
6.610384644229124222e-04
6.539522612399628924e-04
6.440992599453252213e-04
6.393236001510723028e-04
6.328133279778545926e-04
6.279536335750298933e-04
6.195260781534430447e-04
6.158329231670069993e-04
6.087630823726898448e-04
6.028869796053521997e-04
5.982290310507631242e-04
5.926532308272088609e-04
5.900175042186882584e-04
5.824443026508891548e-04
5.783885021192494919e-04
5.765799257321146867e-04
