1.346045561101267239e-02
3.345442870849282997e-03
2.463250473785703540e-03
1.873416128067241851e-03
1.478877388454787403e-03
1.291262712865918257e-03
1.174208550516703123e-03
1.094656658120673467e-03
1.030730607442094555e-03
9.777012372017214632e-04
9.327134271362440710e-04
8.926523166386252225e-04
8.593742739678261701e-04
8.303159163131319060e-04
8.026359410712334205e-04
7.788187828779752526e-04
7.591761607371722400e-04
7.384376852901700875e-04
7.210235788154398034e-04
7.042987901043367858e-04
6.868606031260197963e-04
6.741605816079450017e-04
6.599983218698977786e-04
6.471168170943214460e-04
6.338194674624349559e-04
6.232637648701459376e-04
6.110237500782326331e-04
6.006884482732798708e-04
5.908602516308969098e-04
5.799602892201873201e-04
5.699815367807959223e-04
5.621624967068444400e-04
5.538049124560551293e-04
5.441345391116758114e-04
5.360896864602652688e-04
5.300764667541417235e-04
5.202083767029796590e-04
5.152657632050712923e-04
5.080886902355592110e-04
4.989641618234514102e-04
