2.357576369108061246e-02
1.408997839076082254e-02
1.396608709945962139e-02
1.396145770271258434e-02
1.395858578262228374e-02
1.401723139885758043e-02
1.396652603145314385e-02
1.407131825449613356e-02
1.396710896427429995e-02
1.401100434297751149e-02
1.398038349148409895e-02
1.399388343190491844e-02
1.398765723963067351e-02
1.423320159135107836e-02
1.405805026890509339e-02
1.398557606300411017e-02
1.425044322879465142e-02
1.410943505933335597e-02
1.415994907194139188e-02
1.406197757631882927e-02
1.403236472861176844e-02
1.407273182767203312e-02
1.428144928107512486e-02
1.403479414163935450e-02
1.400923572970186846e-02
1.405194330917777096e-02
1.398142030875447819e-02
1.403390135381310869e-02
1.410173293300531587e-02
1.405850775049456193e-02
1.409608901387603662e-02
1.404495901952771374e-02
1.407728472498314884e-02
1.401733540401245252e-02
1.409542133439749094e-02
1.442068130816240995e-02
1.409631631203086578e-02
1.395977241669110747e-02
1.397361334067519396e-02
1.398756814900377690e-02
