1.260722561796997522e-02
1.620678894279388134e-03
1.182626667251538951e-03
1.018950815285127190e-03
9.239749885459366645e-04
8.566759570344915789e-04
8.066668793988384083e-04
7.653268659242687963e-04
7.312869166121742284e-04
7.013548676302043972e-04
6.738076648021436819e-04
6.508313079527523184e-04
6.290261672233162264e-04
6.087531374035677623e-04
5.868097802884634931e-04
5.706960894992328800e-04
5.546289795349508079e-04
5.386007115349506153e-04
5.242539248390045564e-04
5.106377219343065897e-04
4.955598468845161990e-04
4.839563228611592073e-04
4.695879081026494892e-04
4.590516532552699528e-04
4.494698564367884878e-04
4.403020428554269439e-04
4.275872815681481891e-04
4.178667241370902165e-04
4.074934256566457641e-04
3.985315631820623289e-04
3.900110156792039240e-04
3.810697972236744388e-04
3.734980123301772921e-04
3.660300840035748656e-04
3.591629893329262931e-04
3.509483695052742123e-04
3.411463865745034902e-04
3.361986391614629689e-04
3.289467170121232226e-04
3.241077702937614127e-04
