3.743571489903003285e-02
1.452117242850411473e-02
1.379893577777906513e-02
5.565989926018715186e-03
3.021708531118486550e-03
2.307873177267489098e-03
1.953151777362124950e-03
1.736713546170238565e-03
1.577607479347671550e-03
1.455393991462769661e-03
1.356848004774434879e-03
1.281012410597445793e-03
1.213806580802187377e-03
1.161848851072171986e-03
1.110989970269205636e-03
1.070774146732431141e-03
1.031720348607919951e-03
9.989157389345383001e-04
9.659127317029048403e-04
9.400665321920393877e-04
9.097501407735938137e-04
8.834420377140469625e-04
8.589420948992556801e-04
8.380740797428974653e-04
8.172290937682696703e-04
7.968853600120766800e-04
7.824268355009634645e-04
7.607067084520178525e-04
7.444816338104110181e-04
7.277912751150229786e-04
7.116008211481135394e-04
6.973528649865481412e-04
6.832308051582538198e-04
6.703592467277918803e-04
6.548881376573858788e-04
6.425100097848344006e-04
6.325081746907667852e-04
6.197697461461015508e-04
6.063565293886374798e-04
5.956327389957659672e-04
