2.448505126778270299e-02
1.274972063445005844e-03
9.635614935317840567e-04
8.675892565916477677e-04
8.153992126392397297e-04
7.767589385023744531e-04
7.542061465580510637e-04
7.322928832002281773e-04
7.176227312725817764e-04
7.041310448475771337e-04
6.965538700505102994e-04
6.878826159771150297e-04
6.819549161150917967e-04
6.748162555487561588e-04
6.724179708306180685e-04
6.698268933740312127e-04
6.710138137764043702e-04
6.711204414823549987e-04
6.751702051690596949e-04
6.760281820961497497e-04
6.784552359574838121e-04
6.826247158674649722e-04
7.831740988420935606e-04
7.499402388185422456e-04
7.076913170222332104e-04
7.642279378268005113e-04
7.822732890113734232e-04
8.877792313665999226e-04
8.773502351984309834e-04
8.527930945415187298e-04
9.573644677723729644e-04
1.004200811868719402e-03
9.913488302986123851e-04
9.520053803252448389e-04
8.512688252282926780e-04
8.485918286749704340e-04
9.222428807599105174e-04
9.462462207727698367e-04
1.103314706844571360e-03
1.024474127900022865e-03
