3.230807400554749215e-02
1.025146418107864867e-02
8.803563836629383320e-04
7.291135940023637727e-04
1.356807954403443017e-03
1.032889374041070412e-03
1.508269607889903361e-03
5.648537513688207772e-03
2.303993679214634549e-02
2.143315156760385379e-02
7.182081392341235770e-02
7.602239156507702156e-02
8.364320068682294662e-02
1.216094308356949066e-01
8.794207058709738178e-02
3.761661334287150216e-02
5.391476286034087989e-02
4.179393932059789069e-02
2.945807297501169472e-02
2.286772427615964970e-02
