1.250359338035094726e-02
1.526000444245841732e-03
1.213818135262315426e-03
1.104511185415004608e-03
1.042742138107892892e-03
1.000504514635937097e-03
9.732794606346641640e-04
9.506451800512864510e-04
9.362637304012050169e-04
9.218800064071462196e-04
9.097153812679836154e-04
8.972871574641077012e-04
8.894094990006876349e-04
8.785840358748565415e-04
8.676330605299765715e-04
8.583444453065591307e-04
8.444836068376112333e-04
8.317211773048095074e-04
8.231465885794286537e-04
8.153706799351170473e-04
