1.663517779024094572e-03
6.611779088911336763e-04
6.835946171725252587e-04
8.373562973242713609e-04
7.049047357771024520e-04
6.676870478153636808e-04
7.098226071022241054e-04
7.115240272270109559e-04
6.844305782447225898e-04
6.561441042157919188e-04
6.416564310382480603e-04
6.996272383408196028e-04
6.961522860016288589e-04
7.757460030527443730e-04
6.902033843414467082e-04
7.418712270512861509e-04
7.689432722111587924e-04
7.779092102285875988e-04
1.175938903463294482e-03
8.880491973252298537e-04
