6.612479647405754279e-02
4.214068315636290175e-03
3.086282485832247784e-03
2.701509968339791106e-03
2.475850170349164388e-03
2.289732763109642369e-03
2.135404563191387658e-03
2.001657622545936679e-03
1.888187400651921300e-03
1.797032096714725911e-03
1.716541791456614903e-03
1.647824942782064863e-03
1.587890758547431903e-03
1.540270706394622534e-03
1.498126645256950317e-03
1.457404991243693281e-03
1.418010291970175181e-03
1.385641720389432742e-03
1.359313069467340965e-03
1.326563842523444461e-03
1.305183061633319016e-03
1.276684970249765015e-03
1.252425237768036315e-03
1.228287138026639379e-03
1.204885166369232350e-03
1.188959577990750379e-03
1.165250535781284843e-03
1.149317797757567431e-03
1.131335502345497904e-03
1.116811908054570011e-03
1.100928050152597069e-03
1.086556288441299081e-03
1.073980453796094438e-03
1.061390232890985306e-03
1.049557475169805637e-03
1.038409969948849007e-03
1.026913338082318609e-03
1.018039654702075202e-03
1.006572608670213906e-03
9.970592425664766799e-04
