2.392449935001528596e-02
1.744999388831347011e-03
1.306306622580172229e-03
1.156575372474284236e-03
9.922135086579725489e-04
9.305607939145815180e-04
8.680707991249480464e-04
8.273984473417024402e-04
7.958100803443164716e-04
7.698606322509486764e-04
7.457079906066102709e-04
7.232643523951949940e-04
7.020612825012754370e-04
6.830238883858019304e-04
6.663804547265317650e-04
6.490945899088858620e-04
6.361122368511634489e-04
6.210790811604179800e-04
6.088018073384739203e-04
5.934503671876622524e-04
5.792611372589518944e-04
5.695064561826189203e-04
5.575914597082161231e-04
5.450748012389817305e-04
5.353631065304400314e-04
5.217634617778436771e-04
5.139755863688243295e-04
5.028990827314547274e-04
4.959571699896567860e-04
4.841709701390135238e-04
4.782172272447437664e-04
4.662311078885452678e-04
4.597619498943177085e-04
4.506782583626089598e-04
4.421358867889289314e-04
4.376497871817098140e-04
4.304872803149320873e-04
4.231551499047281535e-04
4.149842623385579100e-04
4.098834634021794143e-04
