5.993516062193448256e-03
7.600812482725214812e-04
6.081154092535431648e-04
5.511547443706271915e-04
5.202452994609671087e-04
4.971591673845512623e-04
4.804235604535798715e-04
4.670223942992277511e-04
4.548373072004907765e-04
4.451873572461667226e-04
4.366382093059556946e-04
4.277209835804830426e-04
4.223736445631689281e-04
4.144137838537478922e-04
4.098742210601218810e-04
4.025446002598801181e-04
3.969948436586081576e-04
3.918223689558500335e-04
3.885810772187911879e-04
3.843717616070846323e-04
