7.186360066091963643e-03
1.323279590008204524e-03
1.090781506110467423e-03
9.739954953941207597e-04
9.064311956195220685e-04
8.582704801428774500e-04
8.249679330085626797e-04
7.946265465030392114e-04
7.731933224899283520e-04
7.494487958296661622e-04
7.349521579272799568e-04
7.181181554742392887e-04
7.047091086642190937e-04
6.908681685755917179e-04
6.795451747805375227e-04
6.672722285413798353e-04
6.540464875806528602e-04
6.451173786474774779e-04
6.350375724269907620e-04
6.292051514832358713e-04
6.197641320234785998e-04
6.096701084362181030e-04
6.035423170893386077e-04
5.948645840306958366e-04
5.883116968007468753e-04
5.860059101540063178e-04
5.771980949788833859e-04
5.712254789116491278e-04
5.670161381065247450e-04
5.600760128431511936e-04
5.574510540714567707e-04
5.499767195490349193e-04
5.541301521704468250e-04
5.454104864329795870e-04
5.338685978807568983e-04
5.593045474996575324e-04
5.382632877467566314e-04
5.265200986392797348e-04
6.371755099157645850e-04
5.177629079407669024e-04
