1.253432164440609724e-02
1.734467526040265554e-03
1.369414133098952871e-03
1.203869121281753510e-03
1.104468733283418087e-03
1.035816424832558405e-03
9.835072833735865327e-04
9.449232916409598280e-04
9.112596969731545215e-04
8.841183438473624017e-04
8.622599748642113685e-04
8.408525043431040692e-04
8.268286008561095968e-04
8.102050656503814383e-04
7.955591412846280304e-04
7.833749825626616431e-04
7.709365425491039028e-04
7.636177040306294395e-04
7.511057888210856664e-04
7.430484038066789091e-04
7.344962612562593116e-04
7.252898105476632230e-04
7.173560186999690304e-04
7.133375249774904928e-04
7.035158496454791245e-04
6.982998791104806906e-04
6.909606672438130563e-04
6.843399541832742312e-04
6.781747183450295398e-04
6.768481334118215970e-04
6.688015272553264308e-04
6.684159180800670506e-04
6.606183212225309655e-04
6.547008409806086412e-04
6.496803013055758944e-04
6.475245380222923158e-04
6.436007324863438550e-04
6.368271068845410060e-04
6.363383216931811723e-04
6.310560103594381985e-04
