9.424100786926901605e-03
1.614948477954726742e-03
1.248531740556647679e-03
1.088536478940364772e-03
9.952439364216674605e-04
9.290830421905433038e-04
8.810018037784509868e-04
8.443437108651566728e-04
8.110650066869593911e-04
7.879985952630285794e-04
7.668413119626422275e-04
7.464886237736923251e-04
7.286770084774501360e-04
7.126693677903979396e-04
7.004969909287582074e-04
6.874723098569869182e-04
6.756534816415165094e-04
6.666766654492593336e-04
6.536318429098485856e-04
6.454263631609616402e-04
6.414883409630475720e-04
6.286946714680407373e-04
6.222606740655286768e-04
6.147871420136229691e-04
6.081631152624938832e-04
6.017630408643776961e-04
5.914201722178310866e-04
5.884463526569595803e-04
5.835227128621392739e-04
5.774615303501330925e-04
5.719145350509609749e-04
5.640102611175029342e-04
5.604861214376992114e-04
5.565078686892027410e-04
5.515635634773993204e-04
5.473464991684489668e-04
5.436548299596184698e-04
5.364545111385281067e-04
5.350226759854819067e-04
5.302490821769480786e-04
5.246105799262038537e-04
5.216014351239915345e-04
5.238818968007271249e-04
5.133994280443098445e-04
5.074198750045425107e-04
5.055380678469120455e-04
5.049303973166863928e-04
4.982851769042120947e-04
4.987532620263887594e-04
4.909639392626888614e-04
