9.767556167693822525e-03
1.207495423308471661e-03
9.659328329397895907e-04
8.687654973490352948e-04
8.095612133810051224e-04
7.653924269964120170e-04
7.306362434295153715e-04
7.041047631834694304e-04
6.846616158707125380e-04
6.666379654293540626e-04
6.537561710709692596e-04
6.393920928270640895e-04
6.256194539150521398e-04
6.152851178349198020e-04
6.058504813010620561e-04
5.997144128371162701e-04
5.915794982919242787e-04
5.837600050825057134e-04
5.781678933599951201e-04
5.714300665368650433e-04
