1.280979126133965397e-02
1.715782357905278228e-03
1.373101959825365507e-03
1.240528692592644984e-03
1.165959873800224283e-03
1.110868900508418149e-03
1.072842499911999667e-03
1.042405305621373198e-03
1.017099404234713235e-03
9.959836279263348247e-04
9.811925737645227439e-04
9.672409469696330959e-04
9.546926229662576133e-04
9.429133645658116514e-04
9.342085116195415024e-04
9.263413089746912231e-04
9.170823553258138560e-04
9.095163682162773176e-04
9.046909081964390467e-04
9.003716338280578178e-04
8.905842988739723744e-04
8.915787764412521884e-04
8.838380652661382685e-04
8.787335255797716843e-04
8.766502251868084133e-04
8.707717653047057855e-04
8.679836087193159612e-04
8.638702867056756744e-04
8.617711337011779498e-04
8.570620806928976911e-04
8.561745390930538538e-04
8.524734554506283512e-04
8.501115889155720900e-04
8.460054574415526701e-04
8.448847656359317806e-04
8.429490253943404485e-04
8.391554607896786148e-04
8.366834316043949768e-04
8.378180461536634044e-04
8.329799862420275746e-04
8.340157372606907737e-04
8.299495299199082660e-04
8.282944165015323004e-04
8.281102901483361955e-04
8.263021763588368268e-04
8.226261271309159503e-04
8.236484887451722215e-04
8.204733899174825821e-04
8.175574953996285520e-04
8.187091048210614827e-04
