9.044794027463004538e-01 8.938252677420788217e-01 8.885778192537318043e-01
9.030573701284273502e-01 8.921032751188729959e-01 8.869187811995461468e-01
7.749855574812247738e-01 7.703639514731369653e-01 7.613725577330493488e-01
5.021108296671554783e-01 5.961094076345375692e-01 5.866995511709861555e-01
6.634004354974891715e-01 6.998955694796249460e-01 6.815239449555214879e-01
7.767853175132204413e-01 7.617317690974536593e-01 7.445822038543096211e-01
7.215482380127093975e-01 7.375461049637825894e-01 6.981661704366141086e-01
7.102164155890325903e-01 7.016620006221392369e-01 6.897376646076871509e-01
7.730747011509576661e-01 7.429231658001155258e-01 7.119495178421023640e-01
6.098742389903568650e-01 6.844865129093898881e-01 6.546238279340896860e-01
