2.995776293696226666e+00 3.367324441992409323e+00 3.041972448818009767e+00
3.294867296616196928e+00 3.643218266495730440e+00 3.320251767199801751e+00
3.366226966497302797e+00 3.532129328961833625e+00 3.347079303945228457e+00
2.447905391167476186e+00 3.087982676010271987e+00 2.983205523809113302e+00
2.965423862251729936e+00 3.213008780698617617e+00 3.122033781429757848e+00
3.447447546608792379e+00 3.615470268469571202e+00 3.489019746515474196e+00
3.689991691076599523e+00 3.885991982032859227e+00 3.595255771908290932e+00
2.682811541329761962e+00 3.303912480791655337e+00 3.399627067693554938e+00
4.240591678027319844e+00 4.273775256453571814e+00 4.061617669416295762e+00
2.758117715074709597e+00 3.534522466928571305e+00 3.574586686484913844e+00
