9.127446273095269486e-03
1.713434097145957085e-03
1.422914432954695265e-03
1.297581629502577577e-03
1.214115937551527068e-03
1.155903704027528775e-03
1.118180733001276081e-03
1.084022494743580763e-03
1.054648150027485487e-03
1.034065896584782573e-03
1.011117300613821124e-03
9.949609470142042802e-04
9.799312257558184108e-04
9.658822890613300407e-04
9.568932470376570422e-04
9.467549391573273822e-04
9.341251581133247928e-04
9.261952985871495713e-04
9.186106859688823257e-04
9.121981463882622128e-04
9.078869448511456752e-04
8.983821263459941921e-04
8.949205212613795500e-04
8.881450030943560583e-04
8.828140743809622130e-04
8.769829290281214683e-04
8.727018062429877689e-04
8.663145091719867729e-04
8.661444597837065574e-04
8.595123358442675367e-04
8.570682040992531241e-04
8.486874032328406599e-04
8.500535068512367906e-04
8.468390973080303953e-04
8.432964805290078586e-04
8.419653781976034089e-04
8.365577007997119152e-04
8.331620474222970222e-04
8.306790840506163677e-04
8.294095999481980279e-04
8.273169140157520061e-04
8.183570337827594928e-04
9.410058235770890882e-04
8.169142989842990889e-04
8.213700916706196406e-04
8.238370505019555973e-04
8.105653547237687663e-04
8.072163835824032853e-04
8.076327331161912027e-04
7.980750338261825014e-04
