5.756236905413780920e-03
7.091300341231364813e-04
5.854880792861156527e-04
5.337315336445534221e-04
5.008995018146940358e-04
4.790188691324677103e-04
4.608200812591604478e-04
4.474449825824507545e-04
4.351544740553643415e-04
4.264452241889621679e-04
4.176353428010139428e-04
4.098894846208236465e-04
4.033975943296012130e-04
3.968663373489940134e-04
3.916083230151951532e-04
3.851092200772419818e-04
3.800035114970255214e-04
3.755120346602732330e-04
3.714671664338886972e-04
3.666697562324051701e-04
