2.308102275251825916e-03
6.371381836157175580e-04
5.751367303031730419e-04
5.495163510691614822e-04
5.331506239872111069e-04
5.443667215804901417e-04
5.681109748291323812e-04
5.610450567013514382e-04
5.276548344611092746e-04
5.569370829097971621e-04
6.043931870140301825e-04
6.140943276923514771e-04
6.945385091213620091e-04
7.735630603543638744e-04
6.219606499824905342e-04
5.640063032731236622e-04
5.603521762261325003e-04
5.793874744461693102e-04
7.787526659704047593e-04
6.844691027406546837e-04
