1.275700100716116621e-02
2.231778983241287234e-03
1.940860315957432507e-03
1.764792408867068077e-03
1.658412402856244841e-03
1.589411680671209493e-03
1.534618944255385867e-03
1.490738030939390722e-03
1.449809107972720428e-03
1.413965508641190031e-03
1.380718995497099430e-03
1.356335762546650569e-03
1.334495249367959871e-03
1.317582708965057969e-03
1.295944020310148357e-03
1.284084050336570205e-03
1.268414492535830523e-03
1.255867964879954068e-03
1.249350835877990722e-03
1.239683404006666767e-03
1.226493757531593601e-03
1.222557033844433967e-03
1.211094970942537107e-03
1.202001277475275246e-03
1.191029078139584346e-03
1.187931016446090076e-03
1.181169130639643777e-03
1.172644777341458376e-03
1.167721853181138839e-03
1.158975618033543636e-03
1.156735267507950134e-03
1.148604576230777838e-03
1.155155420852003578e-03
1.140384490909216418e-03
1.132371946953904251e-03
1.131715770375463443e-03
1.124007281181780117e-03
1.121782172072840339e-03
1.129616588620832585e-03
1.114192406337408993e-03
1.112284232992968077e-03
1.107578655349622347e-03
1.102236243595330250e-03
1.103355569617454424e-03
1.098418458386761151e-03
1.091651857052386215e-03
1.089913451371086420e-03
1.088263535717632052e-03
1.085686093984871521e-03
1.081337957705468021e-03
