1.047383972526006596e-02
3.605626772738985443e-03
3.373806069233934585e-03
2.934357857316239118e-03
2.077342259776982294e-03
1.691455919776070757e-03
1.499866475929933791e-03
1.372374486054796228e-03
1.281427511036791356e-03
1.211606603784232735e-03
1.156593289285423338e-03
1.112685780406395732e-03
1.074196451890696005e-03
1.041181815572453503e-03
1.013379789472226324e-03
9.890168731391732731e-04
9.681250664819957084e-04
9.477168850699197291e-04
9.281475946550667676e-04
9.113998394668712533e-04
8.962660161677251996e-04
8.806625449059042989e-04
8.668362206838129726e-04
8.543500247173435461e-04
8.431840466258008456e-04
8.316343443739363092e-04
8.213183521376766832e-04
8.117178123590532840e-04
8.019150008984049895e-04
7.927467129594594712e-04
7.855998248493804197e-04
7.751363216194158325e-04
7.683685910174499999e-04
7.613030749714259438e-04
7.550347517116677608e-04
7.489150635743574294e-04
7.418444329298990369e-04
7.352053004676246907e-04
7.293184755460146345e-04
7.246619114430675372e-04
