2.113472707859557695e-02
1.404447147043904991e-02
1.110878193546392667e-02
1.398975050010367160e-03
1.092147849904814188e-03
1.021393167306413512e-03
1.003603192497617069e-03
1.008394332919081106e-03
1.012970108551536222e-03
1.014644886574773757e-03
1.031098082136103081e-03
1.064669159030000615e-03
1.156479108152509922e-03
1.222723456519627652e-03
1.143624208225758236e-03
1.800586022202941422e-02
1.688993836059439133e-02
5.983824863958612378e-02
2.012954238029024748e-02
4.436085941029177526e-03
1.975961219542372166e-03
1.495018029215142152e-02
1.698010523064200084e-02
5.331838341241163653e-02
1.360463878207349500e-02
2.941438708616068640e-02
2.377386841551680507e-02
1.835931762583378757e-02
1.678389481637775418e-02
2.158826240191302065e-02
3.203978587034048836e-02
4.685029267192337976e-02
2.964094949099769713e-02
1.946723423505493378e-02
2.277576741111052988e-02
1.784704741708208198e-02
1.379457542259045211e-02
1.367299677141635937e-02
1.343915205299500010e-02
1.477612577454646622e-02
