1.945542956537588825e-02
2.514852300030861847e-03
2.038229090356060650e-03
1.754225940238769753e-03
1.578709728642474670e-03
1.452139130193103337e-03
1.368500159450680882e-03
1.305572184203403251e-03
1.260208216865322649e-03
1.219924638776683293e-03
1.188620106184269751e-03
1.160319521350551206e-03
1.137085918318780746e-03
1.115689741035273729e-03
1.095213454600251586e-03
1.076996576666752747e-03
1.057663541274630938e-03
1.041193851643679126e-03
1.025377514021411649e-03
1.012018997986250442e-03
9.977567265296830197e-04
9.843996781152375246e-04
9.729768543783398485e-04
9.626024099718322093e-04
9.521440150737608531e-04
9.416305714316749228e-04
9.310535465885070314e-04
9.228525426304326051e-04
9.166269638607692227e-04
9.063045245991817236e-04
8.987244873830887992e-04
8.909495796992605290e-04
8.890342571423836930e-04
8.810134838724707805e-04
8.778079769064698690e-04
8.713468866887189241e-04
8.628077923091364253e-04
8.607451688219583657e-04
8.536642422682865590e-04
8.492876801173806015e-04
