1.240384854975362314e-02
1.562121630524442419e-03
1.105628546085102044e-03
9.291275428204545704e-04
8.270349619309760999e-04
7.559519351088018471e-04
7.019431117248638554e-04
6.530219155340405554e-04
6.135349573141138293e-04
5.766643570471756321e-04
5.419445191486846943e-04
5.105337442628534676e-04
4.795137028290020705e-04
4.497537543603586318e-04
4.217411079696790953e-04
3.961279879535920066e-04
3.706744918008634160e-04
3.472463672016009423e-04
3.260148609366539580e-04
3.046791063065460055e-04
2.846395983165189388e-04
2.664627820480158890e-04
2.511197431865465433e-04
2.362368132716833344e-04
2.252312471828105415e-04
2.092146512871736531e-04
1.963148294673884423e-04
1.870564448844067994e-04
1.762275844162150659e-04
1.656729171157098816e-04
1.590903621995456616e-04
1.530139763870449121e-04
1.442363907105990257e-04
1.419321628653971083e-04
1.340874128931128669e-04
1.284881274124690916e-04
1.204445881202002324e-04
1.163253485585232801e-04
1.097211728302118546e-04
1.069370899188815138e-04
