5.789012229316986904e-03
1.268116738255495703e-03
1.184318545040483409e-03
1.141473686433083822e-03
1.117592970587953909e-03
1.098878175908412150e-03
1.096782402081302420e-03
1.088510690707575118e-03
1.084083725360687972e-03
1.078474508060333877e-03
3.439659523887577709e-03
1.517795010725002218e-03
1.079500078053063960e-03
1.081792151816740209e-03
1.290604293514993443e-03
1.284245555662159345e-03
1.380436330848371996e-03
1.307939281002144663e-03
1.245534012575923557e-03
2.314294079351169892e-03
1.290248804945244489e-03
1.605066088957953895e-03
1.693111784883650876e-03
1.325128623538044184e-03
2.078873348414975435e-03
1.450060764396203430e-03
2.543581877464508225e-03
1.558467433041018637e-03
1.816905226861385966e-03
3.013823674648625269e-03
1.193695607467057818e-03
1.624689288650421181e-03
1.493429706623853725e-03
1.710674352450574720e-03
1.288919603381776316e-03
1.447350222292722666e-03
1.920583074322055684e-03
3.071941074706403731e-03
1.978513177614686300e-03
1.575674168451384133e-03
1.701551442540480104e-03
1.701030635337035229e-03
2.306962815626386384e-03
2.302965124208623555e-03
2.287008311633606603e-03
2.446274653840425396e-03
2.316390327984397222e-03
4.278810177228564368e-03
3.918848362618319869e-03
2.326769476078920443e-03
