3.156545369210577573e-02
1.154537018155825726e-02
3.751453610067319224e-03
3.092899709960620757e-03
2.413537660602827536e-03
2.134900449265200902e-03
1.952222167746086538e-03
1.809925209554233113e-03
1.664505745968875797e-03
1.540708287805223672e-03
1.440283059191769209e-03
1.364240254804854370e-03
1.304625735154040520e-03
1.247980579974381768e-03
1.196584707020259715e-03
1.152232129790560240e-03
1.110804372153953662e-03
1.073144788849706528e-03
1.045363679858157292e-03
1.019704822580102307e-03
9.967293536353857494e-04
9.754223819422352037e-04
9.562557500864280130e-04
9.425511490752946659e-04
9.251836989774866711e-04
9.062900621122397474e-04
8.948368290291579133e-04
8.818500864403048872e-04
8.724024006086101820e-04
8.617840781932428838e-04
8.524375001384835223e-04
8.412353736514465536e-04
8.325658400541495691e-04
8.221486540397163504e-04
8.169166830158340999e-04
8.113547289886005208e-04
8.034918773570276680e-04
7.989526583737689312e-04
7.894242450881294206e-04
7.864646407203347090e-04
7.792919983259359064e-04
7.764530031576927227e-04
7.685284348565725020e-04
7.643192390468439091e-04
7.599606819377903704e-04
7.564573882676981420e-04
7.534310828308749073e-04
7.500233277419741289e-04
7.428317650350976667e-04
7.437782700039737753e-04
