1.660054135318771856e-02
1.880845161332945180e-03
1.333555490109991377e-03
1.146884134822819066e-03
1.039897499197253977e-03
9.674860754204763283e-04
9.122296032925844783e-04
8.711707061543425695e-04
8.376091551804473864e-04
8.112108313220174442e-04
7.868044457264355756e-04
7.657511704350703071e-04
7.476797964071544254e-04
7.316222275052552178e-04
7.161951948405823444e-04
7.015807747047482024e-04
6.892977896199163927e-04
6.767253217690316494e-04
6.656464615229564516e-04
6.536671418275787895e-04
6.448070955234449023e-04
6.386678149001636133e-04
6.256844869847285251e-04
6.195641420568454190e-04
6.102582970777875246e-04
6.025849641603249051e-04
5.957767982284932961e-04
5.884125282108086056e-04
5.821597534989102467e-04
5.741452196202460065e-04
5.695529266288967395e-04
5.629795367012352305e-04
5.554031134974582798e-04
5.534345665872354627e-04
5.464946381754557476e-04
5.405981425005317639e-04
5.368070293671891669e-04
5.313031971774495035e-04
5.260087441034344774e-04
5.212803084014408289e-04
