6.015400929094630832e-03
6.995665888103609186e-04
5.568145209348851661e-04
5.028902178124309381e-04
4.699238890757558539e-04
4.466980796483723004e-04
4.295371467467577211e-04
4.136684894419302466e-04
4.013108829233408216e-04
3.907263905153429760e-04
3.804449520027711217e-04
3.719438023806226779e-04
3.638827608911743912e-04
3.565084637690027567e-04
3.487926273690722780e-04
3.411950171998804921e-04
3.356334410534176412e-04
3.303388247703920727e-04
3.260854538745804900e-04
3.195112284676625649e-04
