2.652512580009181234e-02
3.267523232522773213e-03
3.037049555440482669e-03
2.968110044887568855e-03
2.881897601227443283e-03
3.055520700085745389e-03
3.047332473012933762e-03
2.901881318702431017e-03
2.986130961707066881e-03
2.626060221904161218e-03
2.689738130793854591e-03
2.626220808529921690e-03
2.594286318373551815e-03
2.681180694732819038e-03
2.464341504782322379e-03
2.423994360242271839e-03
2.490947786659773646e-03
2.258660371268041058e-03
2.417819549731568731e-03
2.197305843581777874e-03
2.164128946193185840e-03
2.141362683324766081e-03
2.178553907383925115e-03
2.103270416568894796e-03
2.193940693534437037e-03
2.078907391960945535e-03
2.158752045143002944e-03
2.132867716532912961e-03
2.116385727113550067e-03
1.972745367318524262e-03
2.035156932846409698e-03
1.928469813534656671e-03
1.915341408991122962e-03
1.902195057936273154e-03
2.005810438472809942e-03
1.889417327453645585e-03
1.991637938260102953e-03
1.928678844034001187e-03
1.966682232608932962e-03
1.841340289840191031e-03
1.949422728721962681e-03
1.933124104308781271e-03
2.516247001157900700e-03
2.157932135563606340e-03
1.812725549714455653e-03
1.797078308941878503e-03
2.259897751926533919e-03
2.121778850489548524e-03
2.129547163684962583e-03
2.244380205200756373e-03
