9.458036942162280011e-03
1.978859682309669181e-03
1.585493826008486755e-03
1.410855768595651021e-03
1.306946550973436599e-03
1.233274535499147978e-03
1.178838724106185364e-03
1.138016699969817726e-03
1.104624206282387670e-03
1.074940529225727184e-03
1.054044432963666946e-03
1.036655470722880638e-03
1.020934914984559507e-03
1.008224096649115416e-03
9.932464487455497631e-04
9.823082644358899478e-04
9.717456333041931456e-04
9.621016842075039502e-04
9.555361039985043551e-04
9.475066701800980264e-04
9.401471277119530017e-04
9.340601160969121521e-04
9.262063609947264638e-04
9.204506667032128853e-04
9.202402594658870474e-04
9.091704454444408251e-04
9.041598470317141652e-04
8.986617539363321279e-04
8.958996851305997371e-04
8.912975843835380758e-04
8.864611633674392144e-04
8.842467551150676869e-04
8.765636030735760118e-04
8.736556498206627568e-04
8.715262393472777459e-04
8.701280485750746956e-04
8.673158962031631263e-04
8.636850449711159106e-04
8.708574644659828733e-04
8.565295167179217848e-04
8.516943637614212206e-04
8.509931027991461238e-04
8.490878633990311952e-04
8.439753030496965121e-04
8.433488669201185403e-04
8.371841358873810318e-04
8.381808531729766044e-04
8.361459475123112850e-04
8.338356467400976756e-04
8.967572051373155339e-04
