1.189381093585081643e-02
1.590079263271625739e-03
1.206815891280399716e-03
1.051192257052995047e-03
9.591544569406058353e-04
8.970746801308360739e-04
8.499968204370166079e-04
8.104746395552794424e-04
7.773204015949093095e-04
7.508118715480820680e-04
7.274449049646630446e-04
7.051372614084134649e-04
6.876651339059402200e-04
6.707615388414005057e-04
6.549142500333354376e-04
6.399398345980220537e-04
6.259502321080735471e-04
6.131081190071803163e-04
6.011851073900214204e-04
5.906962096498533966e-04
5.788888232280607572e-04
5.661393867658865786e-04
5.585272836773101180e-04
5.496480791437978724e-04
5.398493287810735616e-04
5.324199192097330826e-04
5.241600496875672890e-04
5.180653796653750471e-04
5.094203731800722506e-04
5.037909316240756809e-04
4.951073346325429768e-04
4.924253118999257026e-04
4.837352820589749204e-04
4.766973913800714654e-04
4.724565733667647157e-04
4.680095757584728784e-04
4.612849712359283353e-04
4.538332687412917560e-04
4.513197811433796824e-04
4.461341163932610720e-04
