8.406818288187891883e-03
9.747943095842710520e-04
7.743766396154379934e-04
6.811088364458255107e-04
6.264800807041113681e-04
5.948473689500181254e-04
5.725005608086136157e-04
5.538265285213709753e-04
5.409219428577196134e-04
5.287943736180925926e-04
5.189665207356362973e-04
5.122996338050867784e-04
5.039311984013765964e-04
4.979502052538048798e-04
4.921289123811559661e-04
4.870787887085972941e-04
4.812851503280349838e-04
4.754216647463340014e-04
4.730382307729485546e-04
4.677993343063699383e-04
