1.766056109179564917e-02
2.173064838762838857e-03
1.578294545067679194e-03
1.308867429050626207e-03
1.171614599763768456e-03
1.084811008907229750e-03
1.022903937275954469e-03
9.705658165733103276e-04
9.313574660502691848e-04
8.991349421364568497e-04
8.748813966554608518e-04
8.502215440203060885e-04
8.322640496355794863e-04
8.149978750245358240e-04
8.007655758141873957e-04
7.866969842351534794e-04
7.753771842232271136e-04
7.647019033254483060e-04
7.518861265962609305e-04
7.401765331098426708e-04
7.322887185364738028e-04
7.249095071992708991e-04
7.136656541641137660e-04
7.070505637979138201e-04
6.991292468004482903e-04
6.909680344635078146e-04
6.855026453412675636e-04
6.807341127289186526e-04
6.736140595329601641e-04
6.693524470518860811e-04
6.627271386700474493e-04
6.569322132608479371e-04
6.522279296924921683e-04
6.456795191665886486e-04
6.425019654575590258e-04
6.367937447831999295e-04
6.303955314956049714e-04
6.282122527989199897e-04
6.207980280942723391e-04
6.155772638424841748e-04
