1.755969818055426110e-02
1.771243160308619930e-03
1.227081473881938122e-03
1.030539245305342900e-03
9.298190407053812546e-04
8.651351342380650573e-04
8.181586704005850167e-04
7.803941839733393934e-04
7.539371929769142760e-04
7.291619219193996339e-04
7.103538920752490047e-04
6.916640247449125367e-04
6.760750524614162274e-04
6.606573188478728417e-04
6.486047957404062923e-04
6.351689711975363204e-04
6.236540662965632531e-04
6.131013425446572547e-04
6.045148329193898240e-04
5.931579127247911185e-04
5.862823596577442691e-04
5.748571274732088704e-04
5.673626213111127676e-04
5.594071743970076239e-04
5.533147186002026260e-04
5.441061844665226075e-04
5.374741922369555454e-04
5.321000964809986236e-04
5.276500069334794573e-04
5.197593405632098575e-04
5.158629903772230093e-04
5.075603834251129478e-04
5.031105762439573624e-04
4.966681362859851241e-04
4.912428188143835080e-04
4.880223274655238379e-04
4.818236350747627278e-04
4.782888296744728946e-04
4.724557940777516759e-04
4.663009218594353633e-04
