6.478180979336661816e-02
3.829332172506822157e-03
3.030194400251535417e-03
2.753715613535129714e-03
2.589392795617525677e-03
2.523571105005445805e-03
2.407268556524816850e-03
2.340602260659497245e-03
2.316877570830301169e-03
2.289503042208408667e-03
2.124214370386149839e-03
2.044486054873746912e-03
2.037744191121489482e-03
1.949324411294736225e-03
1.901755382324137609e-03
1.858627454132294552e-03
1.821762973021309783e-03
1.778527893539939755e-03
1.758095589186642500e-03
1.713988834644142268e-03
1.686163163843619082e-03
1.654878583549658716e-03
1.621924316070026770e-03
1.595420750428979111e-03
1.571647924773439701e-03
1.543113867042214538e-03
1.520607800007588812e-03
1.497832641958137196e-03
1.477406909826492693e-03
1.456451222810625952e-03
1.446068331545664843e-03
1.422596563234614260e-03
1.408080683389758983e-03
1.388707887367796739e-03
1.373698303452090949e-03
1.361572193859232616e-03
1.361090619930574452e-03
1.335573594681045782e-03
1.320532755434825718e-03
1.310428093883583616e-03
1.299255594517448754e-03
1.288736914853374224e-03
1.283883205343372066e-03
1.266908670109267304e-03
1.265082111425103791e-03
1.252960113404771045e-03
1.243151380375824436e-03
1.233489497245723486e-03
1.230883519692267626e-03
1.219355437262100968e-03
