5.308086081978973143e-03
1.159909463269617313e-03
1.010125168860237163e-03
9.348301770023904932e-04
8.868404761223489712e-04
8.519754310549634661e-04
8.284893733104085889e-04
8.111425326023013940e-04
7.881892657783266592e-04
7.718289104966256963e-04
7.574921043048439681e-04
7.694751194777863217e-04
7.344370662735088184e-04
7.266031054201283921e-04
7.308114126790005030e-04
8.352967649187829566e-04
7.021892400541197930e-04
6.993898123823626828e-04
8.135983417298722764e-04
9.212386853150318329e-04
7.757986230470209459e-04
6.730757196620853252e-04
6.775161873740641501e-04
9.069025228451297249e-04
9.164109058921852567e-04
6.696652070576154716e-04
9.667015657894871333e-04
8.794688993135301152e-04
7.621836719176222803e-04
8.266460156758450618e-04
1.131902129328198493e-03
9.271795812013169805e-04
8.826900277349335926e-04
9.471984194058442625e-04
9.427035523069618060e-04
1.314420821856864853e-03
1.000816027904980051e-03
9.041311040297839944e-04
1.220536763684920353e-03
1.102967766040880955e-03
