0.141319611711
0.167884208237
0.256508371629
0.356945709056
0.410098185207
0.46809663652
0.508285956971
0.537647231298
0.548618932831
0.58991968023
0.605622645957
0.627426125827
0.626651278776
0.65953759911
0.655890367903
0.681858324478
0.684389768417
0.683454097071
0.693647244371
0.69746846118
0.692154456556
0.707649922553
0.716074039721
0.714087423077
0.713477222689
0.719671127265
0.723268461289
0.724965700917
0.724503650526
0.73488157954
0.732838485848
0.740847025518
0.74425002567
0.74703913751
0.747636903953
0.749972885429
0.747832723008
0.753992031779
0.753643759302
0.75278795874
0.761205118269
0.761759789017
0.771012312785
0.762203074353
0.763922548664
0.772974685967
0.770398010812
0.770370538075
0.768153616507
0.767394911982
0.77120518178
0.77610777281
0.777388067921
0.772709835304
0.776380119761
0.779309523291
0.782283299207
0.781655656845
0.779233561354
0.785029535224
0.787162004767
0.781253497113
0.783936788427
0.781310285937
0.783871076424
0.786122957915
0.782495755499
0.7844028555
0.792376774332
0.79223381985
0.790493018876
0.792265454217
0.792846631212
0.791764176889
0.790425392976
0.796141608973
0.792343075869
0.792506273061
0.790290437021
0.791118246677
0.793045334505
0.791757215399
0.798780212274
0.795671958309
0.796427451064
0.796127103404
0.796839046016
0.79724238003
0.796999959065
0.793801936246
0.799453403579
0.801640202747
0.800109175667
0.802783791859
0.801873661847
0.8003896106
0.806719215997
0.808221878249
0.803825170645
0.799768199215
0.805536636626
0.80900376189
0.81082167265
0.808222570074
0.809651687225
0.808304826709
0.808531966078
0.807873480607
0.809987914908
0.808225105949
0.807616378841
0.812591927831
0.808868862129
0.813945404625
0.812195791984
0.811718845297
0.809749739774
0.813801953332
0.808263435544
0.810311021548
