9.778135558025401186e-02
1.501163001473687086e-01
1.965467885041955742e-01
2.693684023639494329e-01
3.426373241281633342e-01
4.044551802600809820e-01
4.409554466847807053e-01
4.706566453907864989e-01
4.942744666859467673e-01
5.148506002608299603e-01
5.365897308129234933e-01
5.519770986600006646e-01
5.662014670183458387e-01
5.764000745712484219e-01
5.950080556676690113e-01
6.120057292702500984e-01
6.159420340032180086e-01
6.274825595139305046e-01
6.369654733329707108e-01
6.433172332225235435e-01
6.514582252658145389e-01
6.614779066977635180e-01
6.656825947279494393e-01
6.765968902664761808e-01
6.726605892821274635e-01
6.805331937356847716e-01
6.840221903728956887e-01
6.918947960582183532e-01
6.960100228915724330e-01
7.011093254815830011e-01
7.083557020958815009e-01
7.084451622049205977e-01
7.135444650668794075e-01
7.112184668999278481e-01
7.209697644214422274e-01
7.275899109142499599e-01
7.241009139677645479e-01
7.289318328872949060e-01
7.304526778192292902e-01
7.341205947385062158e-01
7.385042044531575645e-01
7.402934347565814921e-01
7.420826629910662886e-01
7.481660410764499058e-01
7.508498821324238737e-01
7.455716574740209879e-01
7.557702611929872916e-01
7.585435670504396821e-01
7.547861855643063222e-01
7.579173361877568071e-01
7.654320965365234430e-01
7.674897122860893095e-01
7.651637143430950472e-01
7.667740175070927311e-01
7.692789381316958996e-01
7.754517765500759108e-01
7.760780084045698635e-01
7.771515465844912596e-01
7.739309350201600823e-01
7.782250826421502898e-01
7.780461598432305559e-01
7.787618517747695313e-01
7.802826948617220815e-01
7.832349231235028464e-01
7.877079930858336132e-01
7.863660751653498426e-01
7.876185317610261416e-01
7.897656053693931089e-01
7.949543696841350204e-01
7.933440639073018330e-01
7.909286058979270173e-01
7.922705274017280974e-01
7.895866844687783326e-01
7.960279053685319628e-01
7.991590580075984551e-01
7.954911396592604378e-01
7.998747515281681153e-01
8.007693653201390926e-01
8.056897420771412799e-01
8.025585914216969430e-01
8.016639815436469307e-01
8.047951285091277107e-01
8.064054342113085028e-01
8.038110517180014902e-01
8.021112845950315595e-01
8.051529746935222054e-01
8.114152756204842110e-01
8.082841229814177186e-01
8.097155089560935659e-01
8.075684335027446537e-01
8.115941967343917041e-01
8.136518106496404279e-01
8.113258133785181681e-01
8.115941980674711287e-01
8.092682014468914886e-01
8.124888118807713777e-01
8.144569651324200521e-01
8.156199630801121980e-01
8.162461928869961802e-01
8.152621165331200848e-01
8.170513437651291122e-01
8.168724234510692517e-01
8.143675030184295283e-01
8.208981864161004616e-01
8.162461930896242057e-01
8.202719573450762969e-01
8.171408056444975365e-01
8.214349561566038904e-01
8.200930370736748687e-01
8.171408072975160364e-01
8.261764124715705870e-01
8.234031088963500444e-01
8.232241850309667264e-01
8.248344908717877288e-01
8.227768785135757268e-01
8.231347229169763136e-01
8.263553368381917341e-01
8.216138801499628386e-01
8.295759472614069319e-01
8.277867177791599085e-01
8.232241860867656191e-01
8.279656414739090531e-01
8.294864875149654537e-01
8.260869516480009445e-01
8.293075642254723601e-01
8.280551017962408666e-01
8.309178689998300005e-01
8.286813324029723704e-01
8.264447984722735896e-01
8.276972579793951956e-01
8.259974871238030536e-01
8.269815668477037418e-01
8.304705616399328250e-01
8.291286412452537613e-01
8.302021772922482112e-01
8.319914063479099120e-01
8.345857869429118558e-01
8.323492512418836364e-01
8.320808692617479574e-01
8.292181015355917229e-01
8.336017120927492474e-01
8.307389456676783634e-01
8.336911747506360326e-01
8.361066329733035651e-01
8.331544031331568068e-01
8.336017125513285331e-01
8.310967921613473530e-01
8.320808685472174115e-01
8.336017122847126926e-01
8.342279431154016045e-01
8.355698640433123492e-01
8.371801673566149349e-01
8.379853233751020092e-01
8.374485538692204578e-01
8.366434012100935069e-01
8.377169387714661353e-01
8.321703308745005412e-01
8.376274779585610730e-01
8.334227904349453819e-01
8.373590933122667668e-01
8.392377823703210948e-01
8.425478554194292258e-01
8.380747820764091749e-01
8.385220901828307483e-01
8.374485533359887768e-01
8.434424719842052998e-01
8.407586286033409406e-01
8.395956275415753511e-01
8.374485544024522499e-01
8.394167055851616821e-01
8.416532432378180939e-01
8.353909426627890156e-01
8.389693980439657528e-01
8.389693982252645066e-01
8.413848570344869549e-01
8.361066316508888319e-01
8.413848581329443910e-01
8.420110878758405581e-01
8.386115522648273091e-01
8.404902435091318180e-01
8.372696301318127698e-01
8.436213933433993617e-01
8.446949304355281241e-01
8.409375486827788126e-01
8.416532432804766373e-01
8.416532443362755300e-01
8.427267790715198270e-01
8.395061672085789573e-01
8.410270103595192115e-01
8.412953946218867385e-01
8.434424687314916458e-01
8.408480878698738614e-01
8.468420062408099636e-01
8.432635479268585366e-01
8.420110865747550966e-01
8.464841594272018988e-01
8.424583946385181266e-01
8.455895459551699966e-01
8.447843946824454830e-01
8.427267792101600374e-01
