5.375201954271100035e+00
4.342021298373291316e+00
4.044256143414991733e+00
3.859205596732247834e+00
3.729419595909964080e+00
3.633517216720468568e+00
3.548113451750626979e+00
3.478574280196490065e+00
3.413651249433373724e+00
3.349098626760823816e+00
3.298280691642704987e+00
3.241568123396249224e+00
3.195528397003692067e+00
3.154832717410922971e+00
3.116970725742717718e+00
3.080241448417900152e+00
3.046774445819713684e+00
3.011895256873599713e+00
2.979862074380082770e+00
2.954367050920314597e+00
2.927333878977788295e+00
2.895711956207297710e+00
2.872922316963951062e+00
2.853509388787003331e+00
2.825847997270975576e+00
2.804845488053833158e+00
2.788322037044621116e+00
2.758675734084677256e+00
2.745595271337331500e+00
2.728981227959276445e+00
2.712478706720484745e+00
2.689243390605932316e+00
2.672189728724199131e+00
2.657784922964639751e+00
2.641425035904922503e+00
2.626228654754390934e+00
2.613575148617675481e+00
2.598626123045184588e+00
2.591949615732077383e+00
2.572128151156877873e+00
2.561723476322574022e+00
2.540882154616858735e+00
2.535516820242697200e+00
2.521078004090437474e+00
2.510613289682340543e+00
2.506235339264749840e+00
2.495810003893414120e+00
2.471983278167476872e+00
2.462847395872964196e+00
2.456093366952555090e+00
2.442528230929128075e+00
2.434454149122252442e+00
2.434718568356737833e+00
2.421120299546370092e+00
2.411295858408534887e+00
2.406194323098818089e+00
2.383459368695888703e+00
2.385768205059507707e+00
2.375126074828989076e+00
2.364897085257435805e+00
2.361278988938211754e+00
2.358562226485642732e+00
2.346597680665189589e+00
2.332332838937486219e+00
2.332864543359776111e+00
2.319116912881239667e+00
2.312200982250174341e+00
2.306118292153497951e+00
2.303436352195908920e+00
2.296293759099489851e+00
2.285201914025198455e+00
2.284667570270499048e+00
2.271970197756498333e+00
2.268726237767556331e+00
2.267980868918504811e+00
2.256346208482232552e+00
2.252675968751949753e+00
2.249502079525585341e+00
2.236744177394286659e+00
2.238881491135635393e+00
2.225163234917769017e+00
2.225420719411559833e+00
2.211199157875432864e+00
2.207114023683342197e+00
2.201848057911702572e+00
2.201467882054947367e+00
2.191795996760335985e+00
2.189641922932431761e+00
2.183247477124325542e+00
2.181864146820023276e+00
2.168494932408523201e+00
2.169736950929267216e+00
2.172443235466364087e+00
2.160470953720182941e+00
2.151015912764533855e+00
2.150806859465786314e+00
2.152278196864501503e+00
2.144566861706258987e+00
2.138065543801604740e+00
2.127573683131568583e+00
2.124804658058651263e+00
2.124167956664960055e+00
2.124041703462248520e+00
2.113520946601292749e+00
2.110703159118156425e+00
2.106299653539277283e+00
2.096416708285558705e+00
2.105073657662688724e+00
2.089325947458670285e+00
2.092027187347412109e+00
2.086069515219819426e+00
2.084132252979137512e+00
2.085688635024573578e+00
2.081343030647829995e+00
2.073913078012283417e+00
2.068097268813117839e+00
2.074159133381470177e+00
2.061904942795656392e+00
2.055386651742053150e+00
2.054011520642121447e+00
2.040367115195427683e+00
2.041833300005914342e+00
2.044652951696950716e+00
2.033258322951008168e+00
2.042533955158476022e+00
2.026920650170860316e+00
2.024896373424783569e+00
2.028390239225356773e+00
2.015511085398968394e+00
2.011332126276531795e+00
2.005429192695166840e+00
2.016895677173507373e+00
2.002326917965267850e+00
2.000368316557417980e+00
2.002779660055873379e+00
1.993197539708462918e+00
1.993965768391483762e+00
1.988824753148517033e+00
1.980304976509804193e+00
1.980457925549990339e+00
1.981251984262395904e+00
1.982155623781099996e+00
1.973149311947505646e+00
1.970430897469006348e+00
1.968320484175463791e+00
1.965512469036716503e+00
1.967415461864217896e+00
1.954782598656072512e+00
1.960117951629785082e+00
1.955939455433821639e+00
1.943271540116348062e+00
1.944516066786457609e+00
1.941943668720465199e+00
1.939912059634615771e+00
1.939592759049273418e+00
1.934127232876979186e+00
1.924611493086709313e+00
1.931358562438491466e+00
1.935393610944423859e+00
1.928412110273735935e+00
1.919383434284384959e+00
1.928199666641663645e+00
1.915956947969016833e+00
1.916677070333123067e+00
1.914931536072994378e+00
1.906522540961621992e+00
1.900665434283731248e+00
1.899266762430593891e+00
1.904919473071922331e+00
1.900494878366039364e+00
1.896198731581604902e+00
1.896040479753006824e+00
1.889791492169153431e+00
1.888375098807420827e+00
1.889772407061240278e+00
1.890395238973541447e+00
1.894963922845736226e+00
1.879306930382811602e+00
1.879556990092402957e+00
1.877715948061189355e+00
1.866443677350020369e+00
1.869615478212759418e+00
1.870512698214374492e+00
1.870170554523101769e+00
1.870496641761971279e+00
1.865504010213178576e+00
1.855852765205867838e+00
1.864070123548521751e+00
1.864897385305632760e+00
1.851991257956320247e+00
1.848217266525088220e+00
1.845167636343084006e+00
1.844612687518008443e+00
1.838403511963003334e+00
1.847379131542526975e+00
1.847418120023595067e+00
1.833149525052159445e+00
1.840199522288898493e+00
1.844729160804692292e+00
1.831671799127249090e+00
1.829555828603014911e+00
1.834952376617814851e+00
1.831678932139229055e+00
1.832113219857039788e+00
1.821947548202785150e+00
1.831727801961067659e+00
1.821124758995089854e+00
1.814293734608231734e+00
1.817723100259349911e+00
1.820314504371259856e+00
1.813305922766027534e+00
1.819960071205916741e+00
1.805869312546982242e+00
1.809373748179200492e+00
1.807424565361732904e+00
1.804466981479301069e+00
1.798803792746415775e+00
1.800349540689319072e+00
1.784466374748038486e+00
1.788226596713946570e+00
1.795746892558595098e+00
1.784393790553556514e+00
1.797476071374631168e+00
1.786669192673360662e+00
1.792842299054257182e+00
1.783586691542249358e+00
1.789621399107500510e+00
1.769466025438407364e+00
1.773811673308052672e+00
1.784657452976333936e+00
1.771421603649370402e+00
1.764637381322626819e+00
1.776991267852276124e+00
1.768853951416128334e+00
1.766684533926373479e+00
1.767181170391719514e+00
1.768941228111526209e+00
1.759502494352783053e+00
1.756194619343587116e+00
1.752007752612915414e+00
1.749325619490495365e+00
1.754476946248965996e+00
1.754421493151339329e+00
1.752084581151142517e+00
1.744260372756326838e+00
1.735968609680277108e+00
1.759354589960951953e+00
1.743005097352595678e+00
1.738028924433484113e+00
1.746267673888269867e+00
1.736162127561019730e+00
1.733191674533939741e+00
1.736449037203936729e+00
1.742517798478705471e+00
1.731004612660654640e+00
1.728445882987412530e+00
1.735382387169706941e+00
1.719041128982645272e+00
1.731288256285989924e+00
1.722356030120455239e+00
1.725066441024599939e+00
1.716675708353783580e+00
1.730566544758164182e+00
1.722112562843052253e+00
1.717505186664124883e+00
1.722444498380494737e+00
1.711482093640585234e+00
1.726600272440663719e+00
1.713812758862708119e+00
1.709495596554642116e+00
1.717570147627037525e+00
1.715050803153518322e+00
1.710805677064588526e+00
1.709351561094140326e+00
1.707251757955621674e+00
1.702426812849509696e+00
1.696117338260836549e+00
1.705281935203022625e+00
1.692863186317849600e+00
1.700624510491792307e+00
1.699974593595000361e+00
1.699468157316064154e+00
1.696843947054188284e+00
1.692042293893709859e+00
1.686174262749743802e+00
1.695483628192715697e+00
1.691130009852624960e+00
1.679690255372175534e+00
1.680241175557168898e+00
1.676394758231530613e+00
1.685881692866631143e+00
1.677659824820705747e+00
1.694116333210661907e+00
1.668217693509168154e+00
1.672593815816205920e+00
1.667591615124678572e+00
1.673111540880301895e+00
1.677842392527018278e+00
1.666801896546052486e+00
1.674487767402671468e+00
1.657928808401043064e+00
1.661370462293638939e+00
1.683849926889382953e+00
1.660879693144005298e+00
1.651901645005365626e+00
1.669248447812642366e+00
1.664238128211332768e+00
1.653106854444416518e+00
1.656668056589461813e+00
1.666198123769182526e+00
1.660307199423211033e+00
1.654965131990666638e+00
1.642831767503408757e+00
1.652199597971478084e+00
1.658296132193358252e+00
1.653917419857605431e+00
1.651589165410051629e+00
1.651457644988022055e+00
1.646994503597389192e+00
1.646077975916897751e+00
1.643651163032171070e+00
1.647838732868741163e+00
1.641884054003649229e+00
1.647213588261005723e+00
1.648206369563431029e+00
1.641453432719851779e+00
1.640506882435109892e+00
1.633070905592452160e+00
1.638870995189097624e+00
1.636604440265075233e+00
1.628066644710839395e+00
1.637520157604132942e+00
1.646601873099187596e+00
1.630624745409809062e+00
1.636481129964662218e+00
1.636733093325109190e+00
1.629596916576255827e+00
1.629075138044145943e+00
1.632020570502851653e+00
1.615795616561235937e+00
1.622250914573669434e+00
1.621479152400525425e+00
1.615378322242105646e+00
1.621698540457946702e+00
1.617760428297642994e+00
1.619044523119398171e+00
1.607574039935361299e+00
1.613269746215516109e+00
1.608908152474610498e+00
1.622033172203131590e+00
1.613287425815971066e+00
1.605982922028579507e+00
1.619239928275126639e+00
1.605929412288891189e+00
1.614745428678380224e+00
1.598110979205572546e+00
1.611469272848774503e+00
1.599552750763548081e+00
1.596826991267183082e+00
1.601863885735831605e+00
1.603849191433217802e+00
1.602583495517601042e+00
1.591019188635810711e+00
1.603844450002583022e+00
1.597454987741467436e+00
1.590778737511909569e+00
1.592920743556283325e+00
1.594425627716887117e+00
1.608054635972004709e+00
1.596958597794593260e+00
1.585042786210819399e+00
1.593743229546258133e+00
1.585495930830872480e+00
1.587269236101181535e+00
1.585872387076058043e+00
1.588704922174597467e+00
1.585086608214779869e+00
1.587769630740629268e+00
1.586651388440209587e+00
1.590221177704048916e+00
1.583812646182636286e+00
1.578369485574775855e+00
1.586538976721432626e+00
1.579628327924708753e+00
1.578920344834489731e+00
1.587358162533409223e+00
1.571712927768994739e+00
1.581660669170419142e+00
1.578482877732731993e+00
1.570800572765806757e+00
1.566574547808490703e+00
1.577737528605158257e+00
1.558275234575990043e+00
1.570435818400305550e+00
1.570685799576154951e+00
1.575030413829065390e+00
1.568302013673317452e+00
1.568949691125878232e+00
1.557546816865309713e+00
1.570388002092764301e+00
1.557620512329845441e+00
1.567597789461538715e+00
1.568974544237776270e+00
1.567151404906234946e+00
1.560591334254209928e+00
1.551096030316993835e+00
1.547949570320557688e+00
1.558045985603614181e+00
1.558484336474093235e+00
1.555711073924730847e+00
1.556814811078273131e+00
1.556308519716981253e+00
1.555598933904526637e+00
1.559485478978741568e+00
1.556417809455398205e+00
1.543746670204568350e+00
1.548293584206607898e+00
1.539561636690903290e+00
1.548521682465974436e+00
1.542907349644242476e+00
1.546857819247281052e+00
1.551744548573627869e+00
1.538210766706368027e+00
1.546328108102919652e+00
1.538955193502688168e+00
1.549353954534939071e+00
1.537151095081819463e+00
1.536949544748844376e+00
1.537289818421424314e+00
1.541785553251799001e+00
1.540567043965112903e+00
1.536807739047919563e+00
1.535929888354798711e+00
1.531783605607961007e+00
1.541319069517239848e+00
1.534295015180128452e+00
1.537793017560657338e+00
1.544179024865391270e+00
1.532152442671523618e+00
1.527215840017073667e+00
1.533430553785631201e+00
1.535088214775660154e+00
1.526444248293844286e+00
1.541569238751466342e+00
1.521856356054500425e+00
1.536528474294980740e+00
1.524630488461898636e+00
1.536768292746832687e+00
1.527682124952093767e+00
1.532393333830896820e+00
1.529100109238392236e+00
1.520232105712946868e+00
1.521960806459232485e+00
1.511507281876737219e+00
1.519441185532855787e+00
1.513272289687456640e+00
1.531876877808676429e+00
1.516367913877242124e+00
1.513236945629824248e+00
1.516327336232454526e+00
1.512485655583166055e+00
1.514077474834999881e+00
1.512073845243524506e+00
1.507475446034745703e+00
1.513798172576036549e+00
1.518253507607092434e+00
1.517171489435249487e+00
1.506365822372267571e+00
1.510628554458280037e+00
1.506954443155398504e+00
1.502759054105074155e+00
1.509991122577531986e+00
1.497665935464236320e+00
1.508860988842331663e+00
1.505060939704297773e+00
1.507843187147616559e+00
1.518189969055761868e+00
1.495491967947831791e+00
1.498374392398174937e+00
1.503648950218978264e+00
1.508148649770717054e+00
1.502340764731741052e+00
1.500494806417862481e+00
1.498413864231532333e+00
1.494323767974774730e+00
1.494540026128027943e+00
1.487571620694643659e+00
1.499539602278254335e+00
1.496989464302006745e+00
1.496637627856594044e+00
1.499931958612698457e+00
1.491819791991038091e+00
1.494745632394201884e+00
1.482783661283101351e+00
1.487863046908131981e+00
1.490120047832697470e+00
1.490024563833036719e+00
1.484280835402416843e+00
1.493530308654424488e+00
1.490614239715226885e+00
1.481365853081425765e+00
1.486324738716621408e+00
1.488159677126559055e+00
1.481722621833204023e+00
1.491813033511050435e+00
1.485694246594979839e+00
1.478891703015416281e+00
1.471095411076679627e+00
1.482416818025721339e+00
1.485168497706797819e+00
1.477100476204380453e+00
1.482862331666481515e+00
1.488658525038681235e+00
1.484585634890828176e+00
1.473847316322157708e+00
1.475496967574870366e+00
1.474023926381346383e+00
1.485304815202203033e+00
1.482612502979915314e+00
1.483915425473865346e+00
1.480306838956858329e+00
1.473683817700057741e+00
1.490547031560359725e+00
1.483616058548232752e+00
1.472404441241851769e+00
1.470283523796227954e+00
1.466673482115899096e+00
1.468561742119105951e+00
1.462093672336820749e+00
1.474405060842787218e+00
1.470605333587443608e+00
1.467082960038628814e+00
1.462404138932728248e+00
1.467083921812837977e+00
1.469276626670025898e+00
1.458779181476181686e+00
1.459767261495266144e+00
1.461744513610265139e+00
1.464726079513966717e+00
1.467224669245180468e+00
1.455130578848248479e+00
1.457547388365560970e+00
1.459039447578756921e+00
1.459520921397244431e+00
1.464378846801013934e+00
1.460738220982572777e+00
1.462635713454715658e+00
1.461438949034168155e+00
1.446047587267933476e+00
1.462341161915259313e+00
1.455991696924015200e+00
1.460274408627824316e+00
1.462083104970359981e+00
1.453492278538567328e+00
1.452370985395975200e+00
1.448217877609162763e+00
1.452550261376351237e+00
1.459280651992673983e+00
1.449624217243279167e+00
1.448306803337052084e+00
1.449360176766816721e+00
1.450180485998686208e+00
1.455532061824770462e+00
1.445041147081327138e+00
1.444132877065300802e+00
1.445752098958284604e+00
1.451874701980297777e+00
1.444111764342957516e+00
1.430591581315022287e+00
1.450598335160462549e+00
1.442343200679367721e+00
1.452421756931738805e+00
1.455724745064401526e+00
1.443521004483830028e+00
1.446297910224035643e+00
1.443164500387239757e+00
1.431498837259706836e+00
1.443068532154866412e+00
1.437782657375363815e+00
1.439155584600158466e+00
1.436042148746450975e+00
1.443964317418976018e+00
1.447805172583553235e+00
1.438920432566892060e+00
1.433853704256708550e+00
1.433214895482253448e+00
1.423997662444234313e+00
1.441788667061832507e+00
1.436310546612986183e+00
1.427799039436407957e+00
1.429140193951887072e+00
1.419444441795349121e+00
1.432981023055940106e+00
1.436809416007432061e+00
1.433248237457726226e+00
1.431097494798713843e+00
1.432670709829738875e+00
1.436835220680631187e+00
1.428233215164398606e+00
1.425716737876790763e+00
1.429482212799162433e+00
1.433996350761706617e+00
1.429706922662134838e+00
1.423788357872730614e+00
1.420196710696424613e+00
1.424385730061608513e+00
1.423715794632318676e+00
1.430867019220856573e+00
1.414744115826650495e+00
1.415888359838961774e+00
1.421008828647731814e+00
1.421437136003502744e+00
1.420031892320077871e+00
1.426705959980737903e+00
1.419595629284970073e+00
1.407554952573564888e+00
1.433800187209508303e+00
1.412926156376454134e+00
1.421825578505038434e+00
1.421761569455596064e+00
1.422531864315579542e+00
1.418799442589899318e+00
1.412149946833995084e+00
1.412125081924427317e+00
1.416836798455197499e+00
1.407458823399846626e+00
1.412084482797315577e+00
1.425442219132686761e+00
1.409749379362278177e+00
1.425925641503608787e+00
1.414770903404213298e+00
1.425104915479437517e+00
1.407413941366457699e+00
1.404481338081190911e+00
1.417413694291558501e+00
1.417172003972125394e+00
1.407306328481902291e+00
1.412945546110764505e+00
1.402820112257975760e+00
1.407964093998580690e+00
1.399948061833177437e+00
1.399986255996512607e+00
1.408715139463697863e+00
1.403519215576757961e+00
1.397704140122215000e+00
1.400537174772828797e+00
1.412750482383119399e+00
1.407688684090201647e+00
1.399643600955495559e+00
1.411577820249639181e+00
1.400831667059809549e+00
1.402616030884634268e+00
1.394446990338527037e+00
1.407014188949607503e+00
1.393886981897903610e+00
1.409392690729003084e+00
1.406017533257229557e+00
1.400748444976975593e+00
1.405624141721288689e+00
1.395477431211372910e+00
1.395738790007074348e+00
1.400156914747624048e+00
1.402989371664590923e+00
1.395796063203403214e+00
1.386752508767774561e+00
1.387311141459240948e+00
1.388273652934605362e+00
1.399081093521907126e+00
1.390312022965626948e+00
1.397443961533697099e+00
1.387739822818750524e+00
1.384953719298279706e+00
1.401846851872904809e+00
1.388100286706335673e+00
1.390002012076722915e+00
1.394257595655308934e+00
1.389803527024859431e+00
1.405549294487236089e+00
1.388041256625684117e+00
1.385520706676838243e+00
1.396123138100921368e+00
1.391134004649242639e+00
1.384951155330088834e+00
1.384808613771525865e+00
1.396971195099800944e+00
1.381397804798368600e+00
1.389759616274249154e+00
1.383473849014834389e+00
1.374256450809439256e+00
1.392291109530224835e+00
1.378705990367309120e+00
1.381733105665119643e+00
1.384223694463248000e+00
1.392034332896617155e+00
1.370578472688243954e+00
1.372617492295438391e+00
1.369034613517045695e+00
1.381852442087768029e+00
1.386191511964164125e+00
1.374780012198353774e+00
