4.445986150708084589e-02
1.163391247441478149e-02
1.056915356662805477e-02
9.912288226758806178e-03
9.368958797764958407e-03
8.840726383745107012e-03
8.442346633600479253e-03
8.131480828587441673e-03
7.871320194344864213e-03
7.621584626977799364e-03
7.473569789314728380e-03
7.302106421042284419e-03
7.133095669446718433e-03
7.011122522745001640e-03
6.905427032734836983e-03
6.803579050897374560e-03
6.699230134326530396e-03
6.615986059854759953e-03
6.461634658926452418e-03
6.403014771724069472e-03
6.308159346765397461e-03
6.256065227752801751e-03
6.168815788919227057e-03
6.169700388722204783e-03
6.000904388616587308e-03
6.006860483328014914e-03
5.963832397977156946e-03
5.925155948542946971e-03
5.912280608467590341e-03
5.843916013635441949e-03
5.753173434441961887e-03
5.765671740437641746e-03
5.694085277302610333e-03
5.721154213937563841e-03
5.572931700491913325e-03
5.615319226882137769e-03
5.585712569047353998e-03
5.559126378622693265e-03
5.535844179609657710e-03
5.443158345362716748e-03
5.549371471637921417e-03
5.418292275820452315e-03
5.333565828704749101e-03
5.349898562904325215e-03
5.318362762417001149e-03
5.326286741876337660e-03
5.275788654026366924e-03
5.235501085970951755e-03
5.219212406421518818e-03
5.214637219094156277e-03
5.130210853900992081e-03
5.175600204215911361e-03
5.123886289496336864e-03
5.087810851894341430e-03
5.051963597971735088e-03
5.016793929710531945e-03
5.068517960065395921e-03
5.066804222888057242e-03
5.000155957074154355e-03
5.036770724310087044e-03
5.010903949601142222e-03
4.978453766985350103e-03
5.007867373743105956e-03
4.938610913165845419e-03
4.933593801613911541e-03
4.879340239071776504e-03
4.875561609617360542e-03
4.843767093097855504e-03
4.884130457397263710e-03
4.821271118604061705e-03
4.834199172430067581e-03
4.800803196384217236e-03
4.777619449845974149e-03
4.751081107013175979e-03
4.741646303472751671e-03
4.725668396767033867e-03
4.716754264136513962e-03
4.727201180412015508e-03
4.683125633318427870e-03
4.730591471366149374e-03
4.656851976976831946e-03
4.684824518168286683e-03
4.673183542943773298e-03
4.657598236684862454e-03
4.633630370984472870e-03
4.590279245189814693e-03
4.562419359034071420e-03
4.584496550793271639e-03
4.576869664221819810e-03
4.587271067014024074e-03
4.524022846826901076e-03
4.551202852353507071e-03
4.522771872098241795e-03
4.515888113953060549e-03
4.489287530151067802e-03
4.479120796700952235e-03
4.470036307880068810e-03
4.442391999371467053e-03
4.410451517676067072e-03
4.436651466644445964e-03
4.422352553255764172e-03
4.391879159346095789e-03
4.487536833909805227e-03
4.389520881487679778e-03
4.326288069223253180e-03
4.364123195910078225e-03
4.369411879420936375e-03
4.324167858468098112e-03
4.312510468068755064e-03
4.335177765111546989e-03
4.275450792106873232e-03
4.298056651718738623e-03
4.298987385268018650e-03
4.283369052851958465e-03
4.304986482430930503e-03
4.269165330238081785e-03
4.306417863372379549e-03
4.291466459408759156e-03
4.250895799571112639e-03
4.221038311731418330e-03
4.245088485518328826e-03
4.497282989132514626e-03
4.207740294491554151e-03
4.242397724703438067e-03
4.267564653801344393e-03
4.166500014677463302e-03
4.177784797205549329e-03
4.181054663101038509e-03
4.175000126235690195e-03
4.123939706807033118e-03
4.135124723219062333e-03
4.103787845077136974e-03
4.161507790764354224e-03
4.103147238504295871e-03
4.175558749231150432e-03
4.341064074097705783e-03
4.066469916855628385e-03
4.066346150544568328e-03
4.085845062688283659e-03
4.097523813228247380e-03
4.056702513620645718e-03
4.063290608911128768e-03
4.076984256490359844e-03
4.072098025375322193e-03
4.117282631326884754e-03
4.098488420264380545e-03
4.057639597585780376e-03
4.061885709300112023e-03
4.052875850646084875e-03
4.083313712270552308e-03
4.086442106000210371e-03
4.089041783363884901e-03
4.015460334933688633e-03
4.148961330375660478e-03
4.148706631180923768e-03
4.226443220901183496e-03
4.023596976200954217e-03
4.044211605560541628e-03
4.017302653452813933e-03
4.045803838977857399e-03
4.063067455664373488e-03
4.016068451774856482e-03
4.324573808459228341e-03
3.993663750431559502e-03
4.153171444828231314e-03
4.047051417353077739e-03
4.489873241345800244e-03
4.047671607712514073e-03
4.033372084128452814e-03
4.262997500602346175e-03
4.422091494178152782e-03
4.010047117343501326e-03
4.026905295926038776e-03
4.234259878710271846e-03
4.018906606884745623e-03
4.096038945230143051e-03
4.644856478275131463e-03
4.043742829393458769e-03
4.039720904947135573e-03
4.182529569359182998e-03
4.537395177256754904e-03
5.234478806886117691e-03
4.226597376361705162e-03
4.029585146155217727e-03
4.201594664909573916e-03
4.169878509989978325e-03
4.320075341262503109e-03
4.424010733480976398e-03
4.207928006401928135e-03
4.032115467632147593e-03
5.256826397844155223e-03
4.199780607911826093e-03
4.329298094594288653e-03
4.287684943731983993e-03
4.094735307261710387e-03
5.335903854283709224e-03
5.137834910888155679e-03
5.251311469494898514e-03
4.332925206351982000e-03
4.060743474656184487e-03
