4.110086276957965468e-01
5.004399484007735488e-01
5.675374855399458740e-01
6.114122393503543806e-01
6.522790356249856814e-01
6.806101096032965980e-01
7.096327492145054761e-01
7.265600109089889180e-01
7.380751797197671049e-01
7.547062629102749831e-01
7.672560151458712729e-01
7.741867414274682391e-01
7.791160314438135837e-01
7.895678309900491243e-01
7.930264602151430031e-01
8.025951329840427251e-01
8.065549469315556053e-01
8.092899703753222429e-01
8.188409098751642246e-01
8.201226029906952819e-01
8.208815867313217218e-01
8.291292163831907036e-01
8.307870515667639122e-01
8.336022288615021480e-01
8.363916045123462872e-01
8.403308700999845282e-01
8.417531167909669820e-01
8.443024095370803561e-01
8.466001979628020591e-01
8.449785372476515954e-01
8.499384177658212414e-01
8.517658411204965807e-01
8.547638027293591456e-01
8.550713676376052730e-01
8.585010546971182377e-01
8.591557253271863148e-01
8.600289913215726223e-01
8.660079938846023673e-01
8.647988429687899492e-01
8.664119286942904008e-01
8.685014126535699486e-01
8.676320479783765638e-01
8.693106165570207988e-01
8.706645591770496573e-01
8.761628889656898345e-01
8.755559490135568224e-01
8.774913576484354438e-01
8.763306474415482050e-01
8.777482516222107067e-01
8.795319996682600117e-01
8.799746630272746728e-01
8.786594079932460444e-01
8.791957817885145410e-01
8.820449502413925114e-01
8.817699263195099002e-01
8.814833794489358443e-01
8.838465257371388439e-01
8.848542561260198669e-01
8.835286510248659964e-01
8.855517933016041621e-01
8.846815274332305856e-01
8.871791381159284118e-01
8.859170671339482439e-01
8.848991655861451200e-01
8.914118922824449953e-01
8.905789257984564333e-01
8.909921326745702252e-01
8.895892290763600663e-01
8.899147926400008402e-01
8.910783468221015191e-01
8.924181343371351272e-01
8.907667342470521055e-01
8.916450607877556278e-01
8.893603260086984097e-01
8.889266017577903689e-01
8.912806685422127728e-01
8.917145892070191815e-01
8.942046899465522225e-01
8.894539363123769027e-01
8.893239778837810361e-01
8.887059459731678768e-01
8.890080056904431371e-01
8.926324408061727667e-01
8.942034207836629944e-01
8.940473140984118716e-01
8.921334339672720715e-01
8.925633031140223217e-01
8.948434317946051264e-01
8.944200075445343234e-01
8.939962503361443824e-01
8.944507983115098648e-01
8.955457480249304769e-01
8.960423555332714951e-01
8.967110545271029798e-01
8.975064940526712443e-01
8.983898272221513270e-01
8.983689495801532310e-01
8.997670408628016814e-01
8.959047733744932573e-01
8.946787137078583418e-01
