340
354
354
185
556
206
179
556
556
206
610
610
396
283
537
283
537
537
537
463
537
105
105
463
537
556
361
102
361
179
5
178
179
179
5
5
5
5
5
5
5
5
5
179
179
241
178
179
577
179
179
361
454
149
393
332
506
341
159
205
383
149
393
332
506
393
332
506
332
506
506
341
159
205
383
454
454
577
341
341
454
577
454
454
577
462
462
405
149
462
154
405
149
393
154
405
149
393
405
149
393
149
393
393
332
332
506
341
159
205
383
149
149
393
149
393
393
332
332
506
341
159
205
383
405
405
149
149
393
332
393
332
332
506
506
341
159
205
383
149
393
149
149
149
149
393
393
332
506
341
159
205
383
149
393
149
393
149
393
393
332
332
506
341
159
205
383
149
149
393
393
332
332
506
341
159
205
383
159
159
205
383
454
577
454
577
454
577
454
577
454
577
454
577
332
454
577
454
577
332
332
506
454
577
454
577
332
506
454
577
454
577
337
337
454
577
454
577
454
577
454
577
454
577
454
577
454
577
179
179
610
613
119
485
158
119
485
485
158
158
158
417
598
598
577
577
577
182
178
182
178
158
158
375
158
375
375
182
178
178
178
178
454
454
28
206
240
610
240
240
277
393
396
521
396
374
102
374
102
179
158
331
367
102
322
322
322
367
556
102
361
140
140
140
140
140
140
140
140
140
140
140
140
140
140
140
140
140
430
185
206
5
185
206
577
577
185
430
185
206
5
185
206
577
577
140
556
185
430
185
206
5
185
206
577
577
185
206
5
185
206
577
577
140
140
140
140
140
140
140
140
140
140
556
185
430
185
206
5
185
206
577
577
185
206
5
185
206
577
577
140
140
140
140
140
140
430
185
206
5
185
206
577
577
185
430
185
206
5
185
206
577
577
140
556
185
430
185
206
5
185
206
577
577
185
206
5
185
206
577
577
430
185
206
5
185
206
577
577
185
430
185
206
5
185
206
577
577
556
185
430
185
206
5
185
206
577
577
185
206
5
185
206
577
577
140
185
430
185
206
5
430
185
206
185
206
206
5
5
185
206
577
577
521
178
137
178
178
178
151
253
599
481
253
599
599
481
578
281
188
208
72
58
518
281
188
208
188
208
208
72
58
518
188
208
72
72
58
518
395
583
326
178
583
326
326
326
326
326
179
28
178
326
179
326
179
179
28
178
179
28
28
178
50
447
543
543
50
447
541
578
578
593
578
188
578
281
188
281
226
188
226
188
188
72
543
50
447
205
284
610
205
610
527
610
527
527
284
610
205
212
221
221
205
277
205
205
277
205
81
21
21
551
551
440
359
457
359
457
396
102
102
240
453
105
615
615
615
240
384
453
510
556
367
367
102
105
615
615
240
384
453
173
173
185
173
185
185
185
179
551
551
556
30
361
361
185
206
322
322
322
277
30
118
277
277
106
106
106
106
106
277
30
277
277
30
433
39
433
340
340
206
550
375
454
375
375
146
454
375
146
146
454
454
375
28
314
454
375
375
454
375
375
375
375
375
146
146
454
375
28
314
454
375
454
375
375
146
146
454
375
28
314
454
454
454
454
375
375
146
454
375
28
314
28
314
28
314
28
314
28
314
454
28
314
28
314
28
314
28
314
28
314
28
314
28
314
28
314
375
454
375
28
314
146
146
454
454
375
28
314
146
454
454
375
28
314
375
146
454
375
28
314
146
146
454
375
28
314
454
375
28
314
454
375
28
314
454
375
28
314
327
327
327
327
327
327
327
327
327
327
327
327
327
327
327
327
327
146
454
375
146
454
375
28
314
28
314
28
314
28
314
454
375
28
314
454
375
28
314
327
327
327
327
454
28
314
375
146
28
314
28
314
28
314
454
375
454
375
28
314
454
454
375
28
314
146
454
375
28
314
454
375
28
314
327
327
327
327
327
327
327
327
314
327
327
327
320
320
320
186
5
186
5
5
584
179
5
454
454
454
105
535
184
556
556
102
361
367
224
402
202
186
202
186
186
186
370
5
179
5
399
5
5
510
367
102
168
156
156
485
485
156
209
533
533
105
463
389
105
315
463
178
315
463
463
178
178
389
389
206
533
617
164
135
135
135
467
404
463
467
404
463
404
463
463
135
135
272
272
467
467
404
404
463
135
135
574
574
272
272
467
467
404
404
463
135
135
78
78
574
574
272
272
467
467
404
463
135
135
199
90
199
90
78
90
78
574
78
574
574
272
272
467
404
463
135
135
404
404
463
463
135
135
404
404
463
135
135
404
404
463
135
135
404
463
135
135
135
135
135
135
135
135
574
574
135
135
135
574
135
463
574
135
463
574
135
404
574
135
272
467
574
135
135
574
135
463
574
135
463
574
135
404
574
135
78
574
135
78
574
135
78
574
135
574
135
574
135
574
574
135
574
135
574
135
467
404
463
135
135
78
404
463
135
135
78
404
463
135
135
404
463
135
463
135
404
463
135
467
404
463
404
463
135
78
404
463
135
135
78
404
463
135
135
404
463
135
404
463
404
463
135
574
467
404
463
135
574
467
404
463
135
574
404
463
135
78
574
404
463
135
78
404
463
135
467
404
463
135
574
467
404
463
135
574
404
463
135
467
467
404
463
135
78
78
574
467
404
463
135
467
404
463
135
78
467
404
463
135
467
404
463
135
467
404
463
135
574
467
404
463
135
467
404
463
135
78
467
404
463
135
135
467
404
463
135
467
404
463
135
467
404
463
135
272
467
404
463
135
467
404
463
135
467
404
463
135
467
467
404
463
135
467
404
463
135
467
404
463
135
99
158
99
99
399
527
106
99
99
399
527
99
399
527
399
527
527
106
106
179
320
399
179
30
179
179
320
399
179
30
205
178
320
205
106
320
205
205
106
106
277
30
205
277
277
277
30
205
106
106
106
277
277
277
30
205
277
277
277
30
205
277
30
205
481
431
431
389
367
418
367
244
367
244
244
179
399
455
457
227
553
450
486
227
553
151
553
151
253
151
253
253
599
481
450
486
165
564
185
185
185
185
430
430
185
206
5
185
206
185
185
185
206
5
185
206
185
430
185
206
5
185
206
577
185
206
5
185
206
577
510
556
102
556
102
361
102
102
102
361
615
615
615
240
384
453
615
615
615
240
384
453
361
102
361
615
240
384
453
615
240
384
453
239
162
162
239
399
455
178
256
614
178
185
179
178
185
185
179
179
20
256
614
614
185
185
179
179
20
256
614
614
256
614
396
396
106
106
396
205
205
383
205
383
205
383
205
383
205
383
205
383
205
383
205
383
170
170
508
423
601
203
508
423
423
423
601
203
4
583
577
4
583
187
583
187
187
577
179
137
325
431
396
256
466
454
454
416
454
82
454
82
82
454
28
68
184
367
224
32
32
307
32
32
307
516
64
374
319
158
28
64
374
266
319
158
374
266
319
266
319
319
158
158
439
28
516
114
28
28
516
114
102
184
153
578
578
281
281
226
518
5
577
577
361
510
535
102
535
102
102
577
361
321
615
206
206
610
38
185
185
179
331
556
367
556
556
102
361
307
321
449
170
508
195
102
195
195
102
534
510
102
102
534
567
45
45
430
185
185
206
206
5
185
206
185
185
430
430
185
185
206
5
185
206
39
39
362
39
39
278
481
278
374
374
454
374
454
374
454
454
506
341
159
618
20
506
506
20
454
577
454
577
454
577
506
506
506
337
454
577
341
506
341
159
337
454
577
20
374
374
454
506
341
159
618
374
374
454
506
341
159
618
374
374
374
454
454
506
341
159
618
374
454
506
341
159
618
374
374
454
506
341
159
618
374
374
454
506
341
159
618
20
374
454
20
20
374
20
20
374
374
454
20
20
454
577
454
577
454
577
454
577
454
577
454
577
454
577
454
577
454
577
454
577
454
577
454
577
454
454
577
454
577
454
506
454
577
62
454
577
454
454
577
454
577
506
337
454
577
506
337
454
577
506
337
454
577
506
337
454
577
506
337
454
577
506
337
454
577
159
337
454
577
159
337
454
577
506
159
337
454
577
159
337
454
577
506
159
337
454
577
506
159
337
454
577
20
20
20
20
20
20
367
556
206
556
206
149
462
462
70
149
154
70
149
149
454
454
610
283
107
454
610
283
107
283
107
107
454
454
521
137
610
178
277
277
374
521
137
137
610
610
178
277
140
140
140
140
140
140
140
140
430
430
185
206
5
185
206
185
185
430
185
206
5
185
206
140
140
140
140
140
140
140
140
140
140
140
140
140
140
140
140
140
140
140
140
140
140
140
140
140
140
140
140
140
140
140
140
140
140
140
140
140
140
140
140
140
140
140
140
140
140
140
140
140
140
140
140
140
140
140
140
185
206
5
185
206
577
185
430
185
206
5
185
206
577
185
430
185
206
5
185
206
577
185
206
5
185
206
577
185
430
185
206
5
185
206
577
185
206
5
185
206
577
185
206
5
185
206
577
185
430
185
206
5
185
206
577
185
206
5
185
206
577
185
430
185
206
5
185
206
577
185
430
185
206
5
185
206
577
185
206
5
185
206
577
185
206
5
185
206
577
185
185
430
185
206
5
185
206
577
185
430
185
206
5
185
206
577
185
206
5
185
206
577
185
206
5
185
206
577
185
430
185
206
5
185
206
577
185
185
185
206
206
5
185
206
577
430
185
430
185
430
430
185
185
206
5
185
206
577
185
206
5
185
206
577
140
185
430
185
206
5
185
206
577
185
206
5
185
206
577
140
185
430
185
206
5
185
206
577
185
430
185
206
5
185
206
577
185
206
5
185
206
577
185
206
5
185
206
577
185
430
185
206
5
185
206
577
185
430
185
206
5
185
206
577
185
206
5
185
206
577
185
430
185
206
5
185
206
577
185
206
5
185
206
577
206
577
5
577
185
206
5
185
206
577
185
430
185
206
5
185
206
577
185
430
185
206
5
185
206
577
185
206
5
185
206
577
185
430
185
206
5
185
206
577
185
206
5
185
206
577
185
430
185
206
5
185
206
577
185
206
5
185
206
577
185
206
5
185
206
577
185
430
185
206
5
185
206
577
185
206
5
185
206
577
185
430
185
206
5
185
206
577
185
206
5
185
206
577
185
430
185
206
5
185
206
577
140
140
185
430
185
206
5
185
206
577
185
206
5
185
206
577
185
206
5
185
206
577
185
430
185
206
5
185
206
577
185
206
5
185
206
577
185
430
185
206
5
185
206
577
185
430
185
206
5
185
206
577
185
206
5
185
206
577
185
430
185
206
5
185
206
577
185
206
5
185
206
577
185
430
185
206
5
185
206
577
185
206
5
185
206
577
185
206
5
185
206
577
185
430
185
206
5
185
206
577
185
185
206
5
185
206
577
185
185
430
430
185
206
5
185
206
577
185
206
5
185
206
577
185
430
185
206
5
185
206
577
185
430
185
206
5
185
206
577
185
206
5
185
206
577
185
430
185
206
5
185
206
577
185
206
5
185
206
577
185
206
5
185
206
577
185
430
185
206
5
185
206
577
185
430
185
206
5
185
206
577
185
206
5
185
206
577
185
430
185
206
5
185
206
577
185
206
5
185
206
577
185
430
185
206
5
185
206
577
185
206
5
185
206
577
185
185
430
430
185
206
5
185
206
577
185
185
206
5
185
206
577
185
185
430
430
185
185
206
5
185
206
577
185
206
185
206
206
5
185
206
577
185
430
185
206
5
185
206
577
185
206
5
185
206
577
185
430
185
206
5
185
206
577
185
206
5
185
206
577
185
430
185
206
5
185
206
577
185
206
5
185
206
577
454
423
227
431
572
572
56
528
56
528
528
572
18
18
2
104
178
104
178
284
178
284
284
399
185
325
325
521
604
512
321
96
367
556
102
361
102
102
206
337
315
439
321
321
321
64
208
312
312
208
518
541
281
578
281
188
281
188
188
543
312
208
518
312
336
336
336
312
208
518
543
336
312
208
518
208
208
58
518
58
518
312
312
312
58
518
543
543
58
518
102
102
601
203
197
281
281
226
226
197
50
197
185
185
185
179
179
5
240
105
179
342
178
185
185
185
185
185
185
179
556
206
556
206
179
179
615
206
615
206
206
610
384
320
610
610
320
384
438
258
438
258
93
93
93
93
93
93
284
179
93
578
281
578
281
226
281
226
226
188
188
72
543
50
447
78
78
78
78
78
78
78
78
78
78
78
78
78
78
78
78
78
78
78
78
78
78
78
78
78
78
78
78
78
78
78
78
78
404
78
78
78
78
78
78
78
78
78
78
78
78
78
78
78
404
78
78
78
78
78
574
78
78
78
78
404
135
78
78
574
78
78
78
467
78
467
78
78
272
78
574
78
78
467
78
574
272
78
514
346
41
514
180
309
55
238
424
410
420
71
346
41
514
346
180
309
41
514
346
304
514
346
304
346
304
304
180
180
309
309
55
238
424
410
420
71
514
514
346
514
346
304
514
346
304
346
304
304
180
180
309
309
55
238
424
410
420
71
514
514
346
180
346
304
180
304
180
180
309
309
55
238
424
410
420
71
346
346
304
346
304
346
346
304
346
304
304
180
180
309
55
238
424
410
420
71
346
346
346
304
346
304
304
180
180
309
55
238
424
410
420
71
346
304
346
304
304
180
180
309
309
55
238
424
410
420
71
55
238
424
410
420
71
55
238
424
410
420
71
55
55
55
238
424
410
420
71
55
238
424
410
420
71
55
238
424
410
420
71
55
238
424
410
420
71
55
180
55
238
424
410
420
71
180
55
238
424
410
420
71
503
503
55
238
424
410
420
71
304
309
55
238
424
410
420
71
309
55
238
424
410
420
71
180
180
55
238
424
410
420
71
503
55
238
424
410
420
71
503
55
238
424
410
420
71
55
238
424
410
420
71
55
238
424
410
420
71
55
238
424
410
420
71
503
55
238
424
410
420
71
424
424
410
420
71
424
410
420
71
424
410
420
71
424
410
420
71
424
410
420
71
424
410
420
71
424
410
420
71
424
410
420
71
424
410
420
71
424
410
420
71
424
410
420
71
424
410
420
71
180
503
424
410
420
71
503
424
410
420
71
309
309
424
410
420
71
424
410
420
71
424
410
420
71
180
503
424
410
420
71
424
410
420
71
424
410
420
71
55
55
424
410
420
71
503
424
410
420
71
503
424
410
420
71
424
410
420
71
219
591
219
591
219
591
219
591
219
591
219
591
219
591
219
591
219
591
219
591
219
591
219
591
219
591
219
591
219
591
219
591
219
591
219
591
219
591
219
591
219
591
219
591
219
591
219
591
219
591
219
591
219
591
219
591
219
591
219
591
219
591
219
591
219
591
219
591
219
591
219
591
219
591
219
591
219
591
219
591
219
591
219
591
219
591
219
591
219
591
219
591
219
591
219
591
219
591
597
597
597
597
597
597
597
597
597
597
597
597
597
597
597
597
597
597
597
597
597
597
597
597
597
300
300
300
300
300
300
300
300
300
300
300
300
300
300
300
300
300
300
300
300
300
300
300
300
424
424
300
424
300
424
300
424
300
424
300
424
300
424
300
424
300
424
300
424
300
424
300
424
300
424
300
424
300
424
300
424
300
424
300
424
300
424
300
424
300
424
300
424
300
424
300
424
300
121
121
424
300
121
424
300
121
424
300
121
424
300
121
424
300
121
424
300
121
424
300
121
424
300
121
424
300
121
424
300
121
424
300
121
424
300
121
424
300
121
424
300
121
424
300
121
424
300
121
424
300
121
424
300
121
424
300
121
424
300
121
424
300
121
424
300
121
424
300
121
424
300
539
539
539
539
539
539
539
539
539
539
539
539
539
539
539
539
539
539
539
539
539
539
539
539
539
539
539
539
539
539
539
539
539
539
539
539
539
539
539
539
539
539
539
539
539
539
539
539
539
444
444
444
444
444
444
444
444
444
444
444
444
444
444
444
444
444
444
444
444
444
444
444
444
444
444
444
444
444
444
444
444
444
444
444
444
444
444
444
444
444
444
444
444
444
444
444
444
444
219
219
76
219
76
219
76
219
76
219
76
219
76
219
76
219
76
219
76
219
76
219
76
219
76
219
76
219
76
219
76
219
76
219
76
219
76
219
76
219
76
219
76
219
76
219
76
219
76
219
76
219
76
219
76
219
76
219
76
219
76
219
76
219
76
219
76
219
76
219
76
219
76
219
76
219
76
219
76
219
76
219
76
219
76
219
76
219
76
219
76
219
76
219
76
219
76
206
326
326
179
515
556
102
534
409
38
454
606
68
606
606
178
485
119
485
179
496
496
395
442
38
38
277
102
559
179
559
179
179
399
513
399
399
399
399
399
399
399
399
399
399
399
399
399
399
399
399
399
513
158
158
179
158
277
179
179
158
277
158
277
277
179
179
277
179
384
557
179
158
158
277
277
277
179
277
179
277
277
179
384
557
179
179
384
557
179
39
179
39
313
396
418
313
396
418
396
418
418
178
29
179
20
185
185
620
228
228
342
389
206
584
179
584
179
179
342
389
149
436
524
388
251
436
524
436
524
524
388
251
524
524
388
251
251
251
583
342
178
468
583
187
577
179
178
468
583
187
468
583
187
583
187
187
577
577
179
179
399
399
399
399
399
399
583
187
577
179
399
583
583
583
583
583
187
187
577
179
399
399
399
399
179
179
179
395
477
28
454
28
396
138
590
396
138
454
138
454
454
590
590
454
454
277
454
454
590
590
454
137
610
178
277
454
454
481
322
322
610
610
322
322
361
117
277
521
556
102
102
610
2
583
556
102
206
384
367
179
179
556
556
206
577
179
179
556
206
577
185
179
179
185
185
179
185
179
556
206
577
5
5
5
583
583
93
179
521
185
185
185
185
185
185
185
179
556
206
556
206
325
278
244
244
173
173
244
244
173
244
244
244
244
244
244
244
179
173
179
173
173
173
173
173
173
173
173
173
173
173
173
173
173
173
244
173
173
173
173
173
173
173
173
173
173
173
173
173
173
173
173
173
173
173
173
173
244
173
173
173
173
173
173
173
173
173
173
173
173
173
173
173
173
173
244
179
179
173
173
173
173
173
173
173
173
173
173
173
173
173
173
173
244
179
179
173
173
173
173
173
173
173
173
173
173
173
173
173
173
244
179
179
173
173
173
173
173
173
173
173
173
173
173
173
173
173
244
179
179
173
173
173
173
173
173
173
173
173
173
173
173
173
244
173
173
173
173
173
173
173
173
173
173
173
173
173
173
173
173
173
244
173
173
173
173
173
173
173
173
173
173
173
173
173
173
173
173
173
244
173
173
173
173
173
173
173
173
173
173
173
173
173
173
173
173
244
173
173
173
173
173
173
173
173
173
173
173
173
173
173
173
244
389
418
244
244
244
244
244
244
244
244
244
244
244
244
244
244
244
244
244
244
244
244
244
244
244
244
244
244
244
244
179
179
173
173
173
173
173
173
173
173
173
173
173
173
244
577
440
440
278
440
278
360
88
277
307
307
278
399
399
399
399
399
399
399
399
399
399
399
399
321
69
321
103
178
277
384
277
384
384
243
103
277
384
384
243
103
178
277
277
384
243
103
411
470
470
393
96
458
458
458
326
179
179
527
179
577
577
326
179
527
321
604
162
607
367
102
185
185
179
584
179
310
584
310
584
584
206
584
277
179
179
206
206
179
179
584
206
206
584
584
277
179
584
277
179
405
454
149
389
342
389
342
342
389
206
178
206
178
178
178
577
179
342
389
342
389
389
389
206
178
577
179
342
389
254
443
374
454
142
374
454
374
454
454
506
506
341
159
499
20
374
462
374
142
374
374
454
454
506
341
159
499
20
159
499
20
341
506
506
341
454
499
20
454
454
506
454
499
20
454
499
20
454
577
454
577
454
577
454
577
454
577
454
577
454
577
521
140
185
430
185
206
5
185
206
185
206
5
185
206
577
577
577
577
577
577
577
577
577
577
577
577
577
577
577
577
577
577
577
577
577
577
577
577
577
577
577
577
577
577
577
577
577
577
577
577
577
577
577
577
577
577
577
577
577
577
577
577
577
185
577
577
577
577
577
577
577
577
577
577
577
577
577
577
577
577
5
577
577
577
577
577
577
577
185
206
577
185
577
577
577
577
577
577
577
577
577
185
577
577
430
577
577
577
577
577
577
465
396
138
396
138
28
138
28
396
28
396
396
138
138
454
590
454
454
277
610
178
277
138
454
137
610
178
277
518
615
93
93
93
158
158
205
93
185
185
185
185
185
179
556
396
206
556
396
206
322
322
322
322
322
322
322
322
322
322
5
179
179
384
321
20
523
20
360
83
535
5
179
178
140
499
499
20
69
170
253
253
253
599
481
319
178
206
610
396
178
318
56
528
158
439
133
439
133
133
516
114
550
550
315
463
315
463
463
320
178
206
179
179
556
179
556
556
277
179
384
417
179
179
179
556
556
277
179
384
417
277
179
179
179
277
277
179
179
384
557
179
556
556
277
179
384
557
179
184
184
179
178
184
184
184
179
184
184
320
184
320
179
320
179
179
178
178
277
179
277
179
384
557
179
604
512
367
488
556
102
287
605
540
289
109
605
540
540
289
109
109
483
109
483
483
109
90
90
78
78
574
574
467
467
404
463
135
467
404
463
135
334
334
334
334
334
334
334
179
320
395
442
205
205
610
610
527
527
284
610
205
44
303
399
303
399
206
206
206
206
344
521
206
468
178
5
185
179
5
185
179
577
185
179
577
179
577
577
326
326
178
527
179
185
185
179
326
527
326
178
326
178
178
527
527
179
185
185
179
326
326
326
178
527
179
185
185
179
178
326
326
326
178
178
527
179
185
185
179
387
521
393
521
387
288
326
326
326
326
179
326
179
326
326
179
326
326
326
326
326
326
326
326
326
179
326
179
326
326
179
326
326
326
326
326
142
105
64
374
374
454
440
454
440
440
465
401
105
284
105
185
206
5
185
206
577
577
185
430
185
206
5
185
206
577
577
185
206
5
185
206
577
577
185
430
185
206
5
185
206
577
577
179
179
342
396
396
206
179
342
396
396
251
183
86
145
122
253
388
112
251
183
388
112
251
112
251
251
183
183
86
145
122
253
481
112
86
112
251
183
251
183
183
86
86
145
122
253
481
145
122
253
481
145
122
253
481
178
179
533
179
399
179
399
399
185
185
5
577
361
185
179
38
453
315
434
434
453
526
574
574
135
574
135
574
135
272
272
467
467
404
463
135
574
272
467
404
463
135
574
467
404
463
135
404
463
135
404
463
135
404
463
135
512
610
610
38
384
277
396
38
476
577
179
185
179
185
179
179
185
185
179
179
185
185
179
179
185
185
179
179
185
185
179
179
185
185
179
179
185
185
179
179
185
185
179
179
185
185
179
179
185
185
179
179
185
185
179
179
185
185
179
179
185
185
179
179
185
185
179
179
185
185
179
179
185
185
179
179
185
185
179
179
185
185
179
179
185
185
179
179
185
185
179
179
185
185
179
179
185
185
179
179
185
179
185
179
185
179
185
179
185
179
185
179
185
179
185
179
185
179
185
179
185
179
185
179
185
179
185
179
185
179
185
179
185
179
185
179
185
179
185
179
185
179
185
179
185
179
185
179
185
179
556
206
577
185
179
185
179
185
179
185
179
185
179
185
179
185
179
556
206
577
179
185
179
185
179
556
206
577
159
499
20
506
341
159
499
20
454
577
454
577
341
454
577
454
577
454
577
454
577
499
20
499
20
20
28
557
205
205
478
32
32
32
307
32
32
307
32
32
307
179
389
5
144
611
144
611
611
611
521
5
584
584
179
179
99
99
99
179
179
20
20
2
452
276
178
178
185
5
5
185
326
5
326
5
5
5
5
584
179
384
386
320
179
179
320
179
320
179
399
179
399
399
326
326
5
5
584
179
384
386
326
5
5
5
5
584
584
179
384
386
206
114
114
179
399
179
106
179
106
106
179
284
179
498
179
399
498
179
399
179
399
399
179
106
179
284
141
141
281
281
543
281
281
281
543
583
577
326
179
326
179
326
326
326
179
583
93
583
185
93
185
77
77
93
93
93
185
178
551
551
399
384
615
584
384
384
615
615
320
384
415
315
315
321
321
512
178
5
158
248
5
577
584
179
5
577
584
179
577
584
179
584
179
179
178
178
619
30
492
158
30
30
248
248
5
5
577
577
584
584
179
179
178
178
619
30
492
158
30
30
178
248
5
30
584
179
178
619
30
492
158
30
30
384
415
461
481
461
461
481
68
604
193
604
193
193
68
604
604
193
68
193
68
68
604
604
604
604
604
604
361
463
463
135
463
135
463
135
463
135
463
135
463
135
463
135
463
135
463
135
178
396
604
604
5
179
179
326
179
326
326
326
326
326
179
326
326
326
326
179
47
39
47
39
39
325
227
325
227
619
392
619
392
454
454
454
506
337
454
577
506
159
337
454
577
20
334
454
506
337
454
577
454
506
337
454
577
454
506
337
454
577
454
506
337
454
577
454
506
337
454
577
454
454
506
337
454
577
159
337
454
577
454
159
337
454
577
454
159
337
454
577
454
159
337
454
577
454
159
337
454
577
454
506
159
337
454
577
20
20
20
20
20
20
334
334
334
334
334
334
28
5
584
5
185
185
5
584
5
5
5
584
5
5
5
5
5
5
5
5
322
5
322
322
185
185
185
185
5
584
5
185
584
179
5
179
5
28
5
584
5
584
5
584
5
5
5
5
5
5
5
5
322
322
185
185
185
5
584
5
185
584
179
5
179
47
162
325
227
313
244
227
313
389
313
389
418
389
418
29
418
29
29
244
244
345
162
244
178
5
584
179
584
179
584
179
533
244
584
179
206
178
205
185
206
185
117
185
185
178
326
206
117
185
178
326
278
169
185
619
619
619
619
619
619
619
315
285
185
206
178
178
556
556
179
30
443
405
462
149
462
154
405
462
149
462
149
178
518
179
244
29
179
179
399
399
455
399
179
399
399
399
455
179
179
399
399
455
344
583
185
179
5
178
5
178
178
29
185
179
20
523
470
393
458
458
523
20
179
527
320
106
106
106
320
179
527
277
106
106
284
106
284
185
179
185
179
556
179
179
30
185
179
577
610
5
384
168
267
237
142
142
523
20
518
281
364
518
281
364
281
281
364
281
226
518
197
141
364
364
141
543
72
197
360
88
227
227
360
88
513
178
178
179
256
614
614
384
99
5
179
185
179
179
310
310
331
205
32
32
307
32
32
307
533
179
179
399
399
185
185
5
577
361
320
320
320
205
106
527
277
205
106
527
205
205
205
106
527
205
106
527
179
179
185
185
179
179
604
179
513
79
236
340
511
511
79
236
615
585
585
615
320
179
566
566
170
315
315
508
158
311
311
322
322
322
367
367
195
556
102
2
452
2
2
452
325
313
284
604
401
499
454
28
68
401
499
454
28
499
454
28
454
28
28
68
68
252
284
106
454
454
454
454
138
138
599
556
556
205
399
399
277
102
99
99
399
399
277
102
5
179
179
345
399
179
244
244
5
179
345
399
399
399
158
439
133
516
114
185
206
5
185
206
185
206
5
185
206
185
430
185
206
5
185
206
185
430
185
206
185
206
185
430
185
206
5
185
206
185
206
5
185
206
185
185
430
185
185
430
185
185
430
185
206
5
185
185
206
5
185
93
185
323
95
487
95
487
396
556
556
556
102
361
556
556
102
227
179
455
78
574
574
467
467
404
463
135
78
574
467
404
463
135
574
467
404
463
135
574
467
404
463
135
574
467
404
463
135
574
467
404
463
135
78
574
467
404
463
135
574
467
404
463
135
574
467
404
463
135
574
467
404
463
135
78
574
574
467
404
463
135
78
574
574
467
404
463
135
78
574
574
467
404
463
135
78
574
467
404
463
135
574
467
404
463
135
78
574
574
467
404
463
135
135
574
467
404
463
135
574
467
404
463
135
574
574
467
404
463
135
574
467
404
463
135
574
467
404
463
135
135
574
467
404
463
135
574
467
404
463
135
574
574
467
404
463
135
463
78
574
467
404
463
135
78
574
467
404
463
135
78
574
467
404
463
135
78
574
467
404
463
135
574
467
404
463
135
78
574
467
404
463
135
78
574
574
467
404
463
135
78
574
467
404
463
135
574
467
404
463
135
463
135
574
467
404
463
135
574
574
404
574
467
404
463
135
467
404
574
467
404
463
135
467
574
467
404
463
135
574
467
574
467
404
463
135
463
78
574
574
467
404
463
135
404
574
467
404
463
135
467
404
574
467
404
463
135
467
574
467
404
463
135
135
574
574
467
404
463
135
404
463
135
574
467
404
463
135
404
463
135
574
467
404
463
135
404
463
574
467
404
463
135
404
463
574
467
404
463
135
574
467
404
574
467
404
463
135
463
135
574
467
404
463
135
404
463
135
574
467
404
463
135
467
404
463
574
467
404
463
135
404
463
135
574
467
404
463
135
272
467
404
574
467
404
463
135
467
574
467
404
463
135
467
574
467
404
463
135
574
467
404
463
135
574
467
404
463
135
467
404
574
467
404
463
135
467
574
467
404
463
135
467
574
467
404
463
135
272
574
467
404
463
135
404
463
574
467
404
463
135
404
463
574
467
404
463
135
467
404
463
574
467
404
463
135
467
404
574
467
404
463
135
467
574
467
404
463
135
404
463
135
574
467
404
463
135
404
463
574
467
404
463
135
467
404
574
467
404
463
135
574
574
467
467
404
463
135
574
467
404
463
135
574
467
404
463
135
574
467
404
463
135
574
467
404
463
135
574
467
404
463
135
574
467
404
463
135
574
467
404
463
135
574
467
404
463
135
574
467
404
463
135
574
574
467
404
463
135
574
574
467
404
463
135
574
574
467
404
463
135
574
467
404
463
135
574
467
404
463
135
574
574
467
467
404
463
135
574
574
467
404
463
135
574
467
404
463
135
467
404
463
135
467
404
463
135
78
467
404
463
135
467
404
463
135
467
404
463
135
467
404
463
135
467
404
463
135
78
467
404
463
135
467
404
463
135
467
404
463
135
272
467
404
463
135
272
467
404
463
135
467
404
463
135
574
467
404
463
135
78
467
404
463
135
467
404
463
135
467
404
463
135
467
404
463
135
467
404
463
135
467
404
463
135
467
404
463
135
467
404
463
135
467
404
463
135
467
404
463
135
467
404
463
135
574
467
404
463
135
574
467
404
463
135
467
404
463
135
78
467
404
463
135
467
404
463
135
467
404
463
135
574
467
404
463
135
78
467
404
463
135
78
467
404
463
135
463
467
404
463
135
467
404
463
135
404
467
404
463
135
467
404
463
135
467
404
463
135
463
467
404
463
135
467
404
463
135
404
467
404
463
135
467
404
463
135
467
404
463
135
467
404
463
135
135
467
404
463
135
467
404
463
135
467
404
463
135
78
467
404
463
135
467
404
463
135
467
404
463
135
467
404
463
135
467
404
463
135
404
467
404
463
135
467
404
463
135
467
467
404
463
135
135
272
467
404
463
135
467
404
463
135
404
467
404
463
135
467
404
463
135
467
404
463
135
135
467
404
463
135
135
467
404
463
135
467
404
463
135
463
467
404
463
135
404
467
404
463
135
467
404
463
135
135
467
404
463
135
467
463
467
404
463
135
467
404
463
135
467
404
463
135
467
404
463
135
467
404
463
135
467
404
463
135
467
404
463
135
467
404
463
135
467
404
463
135
467
404
463
135
467
404
463
135
272
467
404
463
135
272
467
404
463
135
467
404
463
135
574
467
404
463
135
467
404
463
135
467
404
463
135
272
467
404
463
135
574
467
404
463
135
521
66
399
399
399
399
399
399
417
469
375
327
327
178
178
321
158
102
521
137
374
137
454
178
178
284
454
185
185
179
512
521
604
512
185
577
577
185
179
99
481
342
553
253
253
599
481
288
284
384
20
454
604
604
138
604
604
138
604
604
138
604
28
68
138
454
604
138
604
138
604
28
68
138
454
604
604
68
28
68
68
138
454
604
185
185
179
185
178
464
185
178
185
178
178
556
179
396
535
396
396
535
206
577
577
206
577
577
185
430
185
206
5
185
206
577
577
185
206
5
185
206
577
577
320
307
307
307
114
114
454
20
508
556
102
556
184
367
367
224
556
102
361
367
283
28
107
283
28
283
28
283
28
28
107
107
454
521
137
610
178
277
277
452
456
456
143
143
162
185
430
185
206
5
185
206
577
577
185
206
5
185
206
577
577
506
159
341
159
159
499
20
20
32
367
367
367
20
32
399
455
32
307
96
610
581
178
178
440
227
440
504
504
227
553
178
614
297
556
556
556
179
535
206
253
284
454
610
283
107
454
454
277
137
610
178
277
374
521
137
610
178
277
374
521
137
610
178
277
556
102
102
361
185
179
556
206
556
206
277
32
32
307
527
527
610
310
105
105
105
481
481
253
253
342
185
179
610
454
178
610
454
178
454
178
178
284
179
610
283
185
185
284
284
454
244
244
206
185
5
577
361
185
5
584
179
179
584
179
185
179
185
179
185
179
179
389
389
418
178
29
178
185
179
20
179
418
178
185
179
20
326
326
179
403
244
403
403
326
326
326
326
326
326
326
326
326
326
326
326
326
326
326
326
326
326
610
38
611
610
137
570
105
105
454
77
93
93
457
275
436
275
436
524
436
524
524
388
388
112
251
183
86
524
524
388
524
388
388
112
251
183
86
112
251
183
86
112
112
251
183
86
577
5
320
185
185
178
178
179
577
610
179
179
179
179
277
277
205
384
557
179
384
557
179
277
277
277
205
384
557
179
277
277
277
205
384
557
179
384
557
179
227
584
179
326
205
205
527
527
610
310
137
610
178
277
284
454
454
610
610
283
283
28
28
107
107
454
521
137
610
178
277
277
132
0
61
132
0
0
61
347
130
130
347
347
328
129
328
129
615
240
240
384
453
454
284
454
178
454
284
454
610
610
283
107
454
454
277
610
610
283
137
610
178
277
355
253
253
599
599
481
599
531
553
531
531
599
481
326
384
228
456
320
179
577
577
361
506
341
341
159
618
334
20
159
454
577
454
577
454
577
170
615
615
206
206
610
38
299
299
589
178
610
610
320
179
179
418
20
5
10
604
604
138
604
454
454
454
454
454
454
68
454
454
454
68
454
68
68
138
138
604
28
68
138
454
604
604
298
179
185
185
179
556
556
396
206
185
179
556
556
396
206
206
206
610
610
523
20
83
178
318
463
463
96
99
99
179
179
556
277
179
184
184
184
184
320
179
277
179
158
185
185
185
185
185
179
179
556
556
277
179
556
556
556
277
179
178
185
185
185
185
185
185
185
179
185
179
179
556
556
326
185
185
179
556
277
179
556
556
326
326
185
185
179
556
277
179
185
185
179
179
556
277
179
610
384
178
518
518
593
593
578
593
578
281
578
281
281
226
226
188
543
72
301
518
301
301
447
447
447
447
583
583
538
137
361
240
277
277
102
102
577
577
69
399
399
399
399
399
399
399
399
399
513
615
513
349
615
179
615
179
179
352
513
399
5
584
184
584
584
179
384
5
584
179
615
93
93
158
205
93
384
578
93
93
93
93
185
185
77
77
93
93
185
185
185
185
185
185
5
584
179
179
179
5
185
179
384
442
395
395
442
500
500
355
355
481
425
500
355
481
425
599
179
179
583
583
396
532
179
179
185
185
185
179
556
206
179
185
185
179
556
206
30
106
30
454
577
496
395
477
501
501
599
481
384
133
516
114
604
185
185
179
20
277
331
331
277
331
331
331
277
277
277
331
331
178
50
50
178
72
543
50
447
178
137
619
178
178
205
451
246
246
20
20
20
20
20
20
20
179
278
185
179
179
20
138
401
401
138
138
577
68
138
69
69
393
20
509
374
374
454
374
454
454
506
506
341
159
499
20
374
374
374
374
454
454
506
341
159
499
20
454
577
454
577
454
577
454
454
506
454
577
454
577
454
577
506
506
341
454
499
20
454
499
20
557
179
179
179
179
277
277
179
384
557
179
557
179
584
179
322
556
195
556
102
137
137
178
271
178
161
436
388
524
388
112
112
251
183
86
145
122
524
388
112
112
251
183
86
145
122
112
112
251
183
86
145
122
112
112
251
251
183
86
145
122
145
122
145
122
145
122
145
122
185
179
102
78
574
467
404
463
135
467
404
463
135
78
574
467
404
463
135
404
463
135
78
574
467
404
463
135
574
467
404
463
135
467
404
463
135
467
404
463
135
467
404
463
135
467
404
463
135
195
93
179
320
179
320
179
320
320
399
5
584
179
399
399
5
584
179
534
534
77
534
102
361
106
584
205
584
205
205
106
106
106
395
592
205
395
592
395
592
592
592
205
205
619
619
106
106
106
277
277
30
205
5
106
106
277
277
30
205
5
106
106
106
106
205
106
106
41
514
232
346
304
514
232
346
304
304
304
216
179
179
604
610
320
320
399
399
179
604
610
179
158
178
244
244
29
29
179
399
496
179
496
496
399
496
399
399
496
29
179
399
399
399
399
399
399
399
496
399
496
39
39
521
506
341
159
499
20
185
326
342
178
315
508
178
158
5
577
337
5
5
577
102
102
361
320
5
5
173
320
5
5
5
5
5
5
5
5
5
5
5
5
173
5
173
173
173
173
5
5
173
173
179
173
178
179
577
488
556
206
577
179
185
185
179
179
185
185
179
179
185
185
179
179
185
185
179
179
185
185
179
179
185
185
179
179
185
185
179
179
185
185
179
179
185
185
179
179
185
185
179
179
185
185
179
179
185
185
179
179
185
185
179
179
185
185
179
179
185
185
179
179
185
185
179
179
185
185
179
179
185
185
179
179
185
185
179
179
185
185
179
179
185
185
179
179
185
185
179
179
185
185
179
179
185
185
179
179
185
185
179
179
185
185
179
179
185
179
185
179
185
179
185
179
185
179
185
179
185
179
185
179
185
179
185
179
185
179
185
179
185
179
185
179
185
179
185
179
185
179
185
179
185
179
185
179
185
179
185
179
185
179
185
179
185
179
185
179
556
206
577
206
577
206
577
206
577
206
577
206
577
206
577
206
577
206
577
206
577
206
577
206
577
206
577
206
577
206
577
206
577
185
179
185
179
185
179
185
179
185
179
185
179
185
179
556
206
577
206
577
206
577
206
577
206
577
206
577
206
577
206
577
206
577
206
577
206
577
206
577
206
577
206
577
206
577
206
577
206
577
206
577
206
577
206
577
206
577
206
577
206
577
206
577
206
577
206
577
179
185
179
185
179
556
206
577
206
577
206
577
206
577
206
577
206
577
206
577
206
577
206
577
206
577
206
577
206
577
206
577
206
577
206
577
206
577
206
577
206
577
32
32
32
307
208
518
208
208
58
447
208
518
72
72
58
447
115
205
205
396
396
370
115
205
396
370
318
178
32
102
604
206
32
307
96
521
361
102
454
608
102
608
102
102
577
361
513
379
513
453
453
379
74
65
65
97
97
179
5
431
137
619
619
435
137
435
142
435
137
178
277
206
277
583
2
452
583
452
583
583
320
399
399
320
320
399
326
185
185
206
399
179
206
179
185
185
250
185
185
185
185
326
185
206
399
179
185
185
326
179
508
179
20
106
106
106
399
399
399
93
93
93
93
93
93
93
93
93
93
284
179
322
551
530
550
530
550
550
508
396
106
106
106
106
106
106
56
56
88
367
367
556
102
361
584
206
206
178
185
179
10
530
530
96
96
325
278
227
278
278
393
288
106
277
284
277
284
206
326
179
508
423
423
601
203
179
5
5
5
185
5
185
185
185
185
5
185
5
584
584
179
20
584
584
277
179
206
584
277
179
179
584
179
206
206
584
277
179
584
277
584
277
179
284
178
185
179
20
578
518
137
610
178
277
185
179
399
399
399
399
399
399
399
399
399
399
399
399
179
104
76
104
104
104
104
104
104
104
104
104
104
363
102
361
240
453
93
244
206
170
508
508
423
423
601
203
133
133
516
114
461
481
461
481
461
481
461
481
454
454
93
106
583
106
83
326
67
326
326
102
179
102
179
178
326
527
527
178
413
178
178
178
178
178
29
179
20
399
399
20
512
5
5
179
583
521
206
179
179
384
384
554
508
307
500
172
326
326
326
326
326
326
326
326
179
158
158
20
20
32
32
307
307
361
361
507
507
615
399
584
384
615
320
384
415
184
184
184
184
184
184
184
184
184
184
184
184
184
184
184
184
184
185
185
179
5
584
179
367
556
556
102
361
381
326
381
326
326
610
403
93
93
326
326
610
403
577
179
368
368
139
139
368
179
244
106
284
604
604
77
28
28
604
284
28
28
28
178
145
145
122
481
145
122
122
481
374
179
179
251
86
86
251
86
251
86
112
86
86
86
112
86
463
537
367
102
277
102
102
206
584
342
342
396
179
342
396
577
318
383
205
383
383
383
383
383
383
383
205
383
205
383
205
383
205
383
205
383
205
383
205
619
577
102
102
361
113
113
28
28
105
316
105
105
316
72
197
50
72
197
96
278
325
278
278
278
137
9
292
450
277
450
486
486
277
521
512
596
593
596
593
578
593
578
281
578
281
281
226
226
188
543
72
301
50
447
447
367
178
77
179
179
244
244
244
244
244
244
244
244
244
244
244
244
244
244
244
244
244
244
244
244
244
244
244
244
244
244
244
244
244
244
244
244
179
173
173
173
173
173
173
173
173
173
173
173
173
454
454
105
284
284
38
284
38
610
610
38
93
185
77
77
93
93
93
185
179
619
310
619
619
619
99
313
313
313
418
418
178
29
179
5
179
454
138
138
590
590
454
454
521
137
610
178
277
277
516
114
374
465
454
465
440
465
465
341
159
618
334
20
454
577
341
341
454
577
462
142
374
64
374
374
454
454
440
465
341
454
610
454
610
454
284
105
185
206
5
185
577
178
206
185
430
185
206
5
185
577
178
206
185
430
185
206
5
185
577
178
206
185
206
5
185
577
178
206
185
206
5
185
577
178
206
185
430
185
206
5
185
577
178
206
178
206
206
179
396
325
281
518
4
307
32
307
179
535
535
585
585
615
320
615
320
320
179
179
326
179
396
402
556
556
277
277
179
384
417
277
179
179
179
384
557
179
361
96
521
521
66
12
361
108
185
206
5
185
206
556
185
430
185
206
5
185
206
5
185
206
178
206
178
206
185
178
206
178
206
178
206
178
206
178
206
5
399
399
5
185
185
179
5
399
5
185
185
179
277
179
384
277
179
384
556
102
361
556
102
361
460
569
460
134
497
569
460
235
460
235
235
134
497
315
508
158
528
178
184
184
102
102
321
556
556
556
102
610
20
479
479
227
553
151
253
599
481
450
486
135
135
135
574
135
574
135
574
135
574
135
467
404
463
135
467
404
463
135
467
404
463
135
467
404
463
135
404
463
135
404
463
135
404
463
135
404
463
135
239
224
224
307
32
307
151
253
151
253
253
599
481
450
486
521
32
32
307
32
32
307
5
5
584
179
384
386
615
240
240
384
453
102
102
361
325
64
64
374
64
374
454
374
454
454
440
440
465
341
159
337
454
159
159
337
454
20
20
454
28
454
28
28
28
102
105
102
102
284
178
95
179
583
538
487
341
341
159
499
20
454
577
454
577
334
178
158
106
179
610
396
361
102
361
5
5
577
5
577
584
577
584
179
584
179
179
178
178
619
30
80
158
30
30
487
487
5
5
577
577
584
584
179
179
178
178
619
30
80
158
30
30
5
30
584
179
178
619
30
80
158
30
30
568
38
277
206
206
584
179
584
179
179
178
178
342
206
179
342
396
206
206
179
342
396
396
396
521
604
584
277
277
206
584
277
577
277
577
577
577
206
206
326
326
185
185
179
206
206
206
326
326
185
185
179
604
584
277
577
206
326
326
185
185
179
206
326
326
185
185
179
168
119
102
5
5
5
590
454
521
137
610
178
277
277
179
106
179
106
583
320
178
533
178
284
533
447
384
417
6
206
326
583
178
577
20
106
384
326
99
99
384
386
384
386
428
576
428
576
320
576
320
320
99
99
284
583
5
23
428
23
428
576
428
576
576
320
320
99
284
583
5
413
23
413
23
428
23
428
428
576
576
320
99
284
583
5
399
399
399
399
399
179
361
604
604
28
604
604
442
442
610
442
501
501
321
315
207
315
362
360
577
173
173
577
173
173
184
168
267
267
206
50
447
72
50
447
307
184
367
224
102
361
593
593
578
593
578
593
578
578
281
281
226
188
72
543
50
447
226
50
447
185
193
193
193
68
138
604
454
454
454
193
68
138
604
604
604
604
454
454
193
68
138
604
389
418
29
610
384
454
454
319
179
158
158
384
178
340
319
5
5
5
5
5
5
5
5
5
5
5
5
5
5
5
179
584
179
93
93
322
322
179
179
496
395
142
396
326
326
179
179
179
326
179
244
345
162
345
162
179
577
173
173
64
374
64
374
64
374
374
454
454
440
465
341
454
610
454
399
185
178
178
533
105
138
105
105
105
463
178
206
396
396
206
5
584
577
610
138
283
107
454
384
523
556
102
361
582
351
179
179
5
179
5
179
5
179
5
5
5
5
5
185
185
185
185
5
185
5
584
584
179
28
68
179
5
5
185
185
5
185
5
584
584
179
28
68
140
140
140
140
140
140
140
140
140
140
140
140
140
140
140
140
140
140
140
178
8
577
13
143
185
179
179
533
178
178
178
253
253
599
481
117
277
430
206
396
206
206
452
583
320
516
114
505
512
615
415
93
106
584
179
179
463
320
178
206
600
337
28
28
38
383
383
383
383
383
383
383
326
185
185
173
185
185
179
185
185
179
185
179
179
185
185
185
185
185
179
556
206
173
185
185
185
179
185
185
185
185
185
185
185
179
556
206
158
326
173
173
185
185
185
185
179
179
185
185
185
185
185
179
556
206
185
179
556
206
32
307
20
32
307
367
367
367
508
136
508
179
508
179
179
320
206
508
437
508
508
206
206
396
143
512
143
506
506
506
341
159
499
20
341
454
577
454
577
506
341
159
499
20
506
341
159
499
20
506
341
159
499
20
506
341
159
499
20
506
341
159
499
20
506
506
341
159
499
20
454
577
506
454
577
454
577
454
577
454
577
506
454
577
454
577
454
577
454
577
454
577
454
577
454
577
179
326
5
5
5
5
179
179
227
213
206
206
185
185
185
430
178
206
178
206
5
5
178
178
278
20
166
166
32
32
20
20
307
5
5
5
5
5
5
5
5
5
5
5
5
5
322
5
322
322
185
185
185
185
5
584
5
185
584
179
5
179
5
5
5
322
5
5
322
5
322
322
185
185
185
185
5
584
5
185
584
179
5
179
472
533
533
322
322
322
322
322
322
577
577
399
137
5
5
179
10
458
10
556
206
179
391
361
102
454
454
93
325
278
227
227
278
325
278
20
20
96
325
325
278
277
179
556
556
556
556
556
326
185
185
179
179
556
556
556
556
326
326
185
185
179
556
556
556
556
556
556
179
556
179
556
556
556
556
326
185
185
179
556
556
556
556
185
185
179
556
556
556
528
224
584
179
105
596
578
281
447
28
5
584
179
393
288
179
284
396
604
284
604
284
284
326
185
179
20
39
325
313
325
313
313
389
418
29
556
556
556
102
361
360
5
185
5
322
185
5
322
185
322
185
185
185
185
5
5
584
5
185
584
179
5
179
5
5
322
5
322
322
185
185
185
185
5
584
5
185
584
179
5
179
141
596
141
141
281
226
197
188
197
5
5
5
244
206
206
326
326
206
326
179
206
206
326
179
326
179
179
577
584
244
584
244
244
206
206
326
206
326
179
206
326
179
179
179
319
158
158
319
158
28
158
28
28
158
158
439
133
516
114
107
454
137
281
518
325
313
178
178
185
185
389
418
556
206
179
577
185
430
185
206
5
185
206
577
577
185
206
5
185
206
577
577
185
206
5
185
206
577
577
185
430
185
206
5
185
206
577
577
185
430
185
206
5
185
206
577
577
185
206
5
185
206
577
577
185
206
5
185
206
577
577
185
430
185
206
5
185
206
577
577
185
430
185
206
5
185
206
577
577
185
206
5
185
206
577
577
185
430
185
206
5
185
206
577
577
185
206
5
185
206
577
577
185
430
185
206
5
185
206
577
577
185
206
5
185
206
577
577
185
206
5
185
206
577
577
185
430
185
206
5
185
206
577
577
185
206
5
185
206
577
577
185
430
185
206
5
185
206
577
577
185
206
5
185
206
577
577
185
430
185
206
5
185
206
577
577
185
430
185
206
5
185
206
577
577
185
206
5
185
206
577
577
185
430
185
206
5
185
206
577
577
185
206
5
185
206
577
577
185
430
185
206
5
185
206
577
577
185
206
5
185
206
577
577
185
206
5
185
206
577
577
185
430
185
206
5
185
206
577
577
185
206
5
185
206
577
577
185
430
185
206
5
185
206
577
577
185
430
185
206
5
185
206
577
577
185
206
5
185
206
577
577
185
206
5
185
206
577
577
185
430
185
206
5
185
206
577
577
185
206
5
185
206
577
577
185
430
185
206
5
185
206
577
577
185
206
5
185
206
577
577
185
430
185
206
5
185
206
577
577
185
430
185
206
5
185
206
577
577
185
206
5
185
206
577
577
185
430
185
206
5
185
206
577
577
185
206
5
185
206
577
577
185
430
185
206
5
185
206
577
577
185
206
5
185
206
577
577
185
206
5
185
206
577
577
185
430
185
206
5
185
206
577
577
185
430
185
206
5
185
206
577
577
185
206
5
185
206
577
577
185
206
5
185
206
577
577
185
430
185
206
5
185
206
577
577
185
206
5
185
206
577
577
185
430
185
206
5
185
206
577
577
185
206
5
185
206
577
577
185
430
185
206
5
185
206
577
577
185
206
5
185
206
577
577
185
430
185
206
5
185
206
577
577
185
206
5
185
206
577
577
185
206
5
185
206
577
577
185
430
185
206
5
185
206
577
577
185
206
5
185
206
577
577
185
430
185
206
5
185
206
577
577
185
430
185
206
5
185
206
577
577
185
206
5
185
206
577
577
185
206
5
185
206
577
577
185
430
185
206
5
185
206
577
577
185
430
185
206
5
185
206
577
577
185
206
5
185
206
577
577
185
206
5
185
206
577
577
185
430
185
206
5
185
206
577
577
185
430
185
206
5
185
206
577
577
185
206
5
185
206
577
577
185
206
5
185
206
185
430
185
206
5
185
206
206
577
5
577
538
356
147
429
429
147
281
281
188
188
543
312
208
518
543
336
312
208
518
58
518
543
58
518
561
137
178
178
240
318
138
5
138
5
5
5
5
5
604
185
284
577
5
5
604
604
185
284
577
178
604
185
284
577
178
93
93
384
89
470
387
297
387
288
179
488
326
455
455
185
367
367
32
307
481
179
179
556
206
384
454
28
454
214
28
206
117
185
178
326
341
506
341
341
159
499
20
179
326
179
179
326
326
527
178
178
178
178
527
413
178
179
326
179
326
527
178
178
413
178
178
178
179
326
527
178
178
178
413
178
178
178
206
206
5
179
584
179
93
93
322
322
277
277
513
38
395
395
263
185
104
28
399
399
399
399
399
399
399
399
399
399
399
399
399
399
399
399
399
399
399
399
399
399
399
399
399
399
399
104
28
28
28
28
28
28
28
28
28
28
28
28
28
28
28
28
28
28
137
281
518
10
158
440
39
39
475
318
106
277
106
277
277
277
277
30
30
30
479
179
5
179
5
5
5
5
5
179
570
5
5
5
5
179
5
584
179
320
320
583
583
399
399
179
185
76
185
76
318
288
450
450
520
102
361
461
481
112
461
481
251
461
481
461
481
244
102
361
102
102
396
361
46
84
382
84
84
382
382
84
563
185
206
326
326
185
206
333
333
333
285
285
185
206
178
604
5
5
93
583
179
102
610
185
185
185
185
185
185
185
179
99
99
99
221
16
221
389
244
244
162
244
122
326
455
455
307
20
20
20
32
307
227
227
581
178
385
169
384
442
573
72
48
48
48
72
58
447
72
48
72
72
58
447
5
556
179
179
399
455
396
178
178
178
178
178
179
179
510
610
178
396
178
178
178
178
179
510
610
178
251
407
461
481
251
407
461
481
251
407
461
481
407
461
481
240
556
140
556
68
5
179
521
10
308
170
615
206
610
38
105
105
316
277
219
179
326
179
326
326
326
326
326
326
326
326
326
326
326
326
326
326
179
179
326
326
178
179
577
53
277
337
5
577
179
179
178
179
206
5
326
185
178
277
337
5
577
179
583
240
326
326
326
326
178
577
53
240
366
583
337
583
5
326
185
178
277
337
5
577
179
179
179
179
5
179
320
577
366
583
179
577
179
185
185
178
5
206
577
366
583
179
577
179
5
577
179
5
577
179
240
57
240
577
53
558
57
240
577
53
558
57
240
577
53
558
366
179
326
326
179
366
57
240
577
53
558
77
326
185
179
577
53
558
77
326
185
179
577
53
558
206
5
77
326
185
179
577
53
558
583
337
577
178
178
577
583
337
77
326
185
179
577
53
558
185
179
577
53
558
185
179
577
53
558
185
179
577
53
558
185
179
577
53
558
583
577
603
5
577
179
583
577
603
5
577
179
583
577
603
179
583
577
603
5
5
179
179
5
179
320
577
603
277
179
5
179
320
577
603
277
179
5
179
320
577
603
179
5
179
320
577
603
179
99
616
179
538
99
57
240
577
179
538
99
57
538
99
57
99
57
57
240
240
577
577
53
277
337
5
577
179
158
219
179
326
326
326
326
326
179
326
178
179
577
53
277
337
5
577
179
240
104
320
179
326
326
240
104
320
179
219
326
326
104
320
179
219
326
320
179
219
326
179
219
326
219
326
326
326
326
326
326
326
326
326
179
179
326
178
179
577
53
277
337
5
577
179
326
178
179
577
53
277
337
5
577
179
219
326
337
219
326
326
337
219
326
337
219
326
219
326
326
326
326
326
179
179
326
326
178
179
577
53
277
337
5
577
179
158
158
185
326
366
158
185
5
206
326
185
179
538
185
5
206
326
185
179
5
206
326
185
179
206
326
185
179
326
185
179
185
179
538
179
538
538
99
99
158
158
366
366
326
179
326
178
179
577
53
277
337
5
577
179
185
326
185
179
99
185
179
538
185
179
185
179
538
185
179
538
179
538
99
538
99
99
158
158
366
366
326
326
179
326
178
179
577
53
277
337
5
577
179
178
326
326
326
178
178
179
179
577
53
277
337
5
577
179
206
5
326
185
178
277
337
5
577
179
326
326
326
326
326
326
178
206
5
326
185
178
277
337
5
577
179
326
178
206
5
326
185
178
277
337
5
577
179
326
326
179
178
179
206
5
326
185
178
277
337
5
577
179
179
538
538
99
326
179
206
5
326
185
178
277
337
5
577
179
99
538
99
158
179
326
206
5
326
185
178
277
337
5
577
179
178
178
178
178
178
206
206
5
326
185
178
277
337
5
577
179
53
577
53
577
577
577
53
53
240
366
366
583
583
337
583
5
326
185
178
277
337
5
577
179
366
583
337
583
5
326
185
178
277
337
5
577
179
326
326
326
326
326
179
179
577
366
583
337
583
5
326
185
178
277
337
5
577
179
326
179
577
53
366
583
337
583
5
326
185
178
277
337
5
577
179
179
326
179
179
326
326
178
577
53
240
366
583
337
583
5
326
185
178
277
337
5
577
179
366
538
538
99
158
366
326
178
179
366
583
337
583
5
326
185
178
277
337
5
577
179
326
158
99
99
158
366
326
178
179
366
583
337
583
5
326
185
178
277
337
5
577
179
179
179
179
179
179
577
53
240
366
366
583
337
583
5
326
185
178
277
337
5
577
179
179
5
179
320
577
366
583
179
577
179
179
5
179
320
577
366
583
179
577
179
179
5
179
320
577
366
583
179
577
179
179
179
5
179
320
577
366
583
179
577
179
179
5
179
320
577
366
583
179
577
179
179
5
179
320
577
366
583
179
577
179
185
178
5
206
577
366
583
179
577
179
185
178
5
206
577
366
583
179
577
179
185
178
5
206
577
366
583
179
577
179
185
185
178
5
206
577
366
583
179
577
179
185
178
5
206
577
366
583
179
577
179
185
178
5
206
577
366
583
179
577
179
5
577
179
5
577
179
5
577
179
5
577
179
5
577
179
5
577
179
5
577
179
5
577
179
5
577
179
5
577
179
5
577
179
5
577
179
57
240
577
53
558
57
240
577
53
558
57
240
577
53
558
57
240
577
53
558
57
240
577
53
558
57
240
577
53
558
57
240
577
53
558
57
240
577
53
558
57
240
577
53
558
57
240
577
53
558
57
240
577
53
558
57
240
577
53
558
57
240
577
53
558
57
240
577
53
558
57
240
577
53
558
57
240
577
53
558
57
240
577
53
558
57
240
577
53
558
57
240
577
53
558
57
240
577
53
558
57
240
577
53
558
57
240
577
53
558
5
57
240
577
53
558
240
53
53
53
240
337
57
240
577
53
558
57
240
577
53
558
326
326
326
53
57
240
577
53
558
240
57
240
577
53
558
326
326
179
366
57
240
577
53
558
99
99
99
158
326
577
57
240
577
53
558
158
158
577
57
240
577
53
558
53
53
583
57
240
577
53
558
77
326
185
179
577
53
558
77
326
185
179
577
53
558
77
326
185
179
577
53
558
77
326
185
179
577
53
558
77
326
185
179
577
53
558
77
326
185
179
577
53
558
77
326
185
179
577
53
558
77
326
185
179
577
53
558
577
577
77
326
185
179
577
53
558
77
326
185
179
577
53
558
77
326
185
179
577
53
558
77
326
185
179
577
53
558
77
326
185
179
577
53
558
77
326
185
179
577
53
558
77
326
185
179
577
53
558
77
326
185
179
577
53
558
77
326
185
179
577
53
558
206
77
326
185
179
577
53
558
206
77
326
185
179
577
53
558
206
5
77
326
185
179
577
53
558
77
326
185
179
577
53
558
77
326
185
179
577
53
558
326
185
77
326
185
179
577
53
558
583
5
366
240
240
366
583
5
77
326
185
179
577
53
558
77
326
185
179
577
53
558
326
326
326
179
178
240
366
77
326
185
179
577
53
558
326
178
179
366
583
77
326
185
179
577
53
558
178
577
583
337
77
326
185
179
577
53
558
179
366
158
366
179
53
240
77
326
185
179
577
53
558
326
158
366
179
326
53
240
77
326
185
179
577
53
558
240
577
577
577
577
240
337
583
77
326
185
179
577
53
558
185
179
577
53
558
185
179
577
53
558
185
179
577
53
558
185
179
577
53
558
185
179
577
53
558
185
179
577
53
558
185
179
577
53
558
185
179
577
53
558
185
179
577
53
558
185
179
577
53
558
185
179
577
53
558
185
179
577
53
558
185
179
577
53
558
185
179
577
53
558
185
179
577
53
558
185
179
577
53
558
185
179
577
53
558
185
179
577
53
558
185
179
577
53
558
185
179
577
53
558
185
179
577
53
558
185
179
577
53
558
185
179
577
53
558
185
179
577
53
558
185
179
577
53
558
185
179
577
53
558
185
179
577
53
558
185
179
577
53
558
185
179
577
53
558
185
179
577
53
558
185
179
577
53
558
558
558
583
577
603
583
577
603
583
577
603
583
577
603
583
577
603
583
577
603
5
577
179
583
577
603
5
577
179
583
577
603
5
577
179
583
577
603
5
577
179
583
577
603
5
577
179
583
577
603
5
577
179
583
577
603
5
577
179
583
577
603
5
577
179
583
577
603
5
577
179
583
577
603
5
577
179
583
577
603
5
577
179
583
577
603
5
577
179
583
577
603
179
583
577
603
179
583
577
603
179
583
577
603
179
583
577
603
179
583
577
603
179
583
577
603
179
5
179
320
577
603
179
179
5
179
320
577
603
179
5
179
5
179
320
577
603
5
179
179
5
179
320
577
603
179
5
179
320
577
603
179
5
179
320
577
603
179
5
179
320
577
603
185
179
5
179
320
577
603
185
179
5
179
320
577
603
277
179
5
179
320
577
603
179
5
179
320
577
603
179
5
179
320
577
603
179
5
179
320
577
603
179
5
179
320
577
603
178
179
5
179
320
577
603
277
179
5
179
320
577
603
179
5
179
320
577
603
179
5
179
320
577
603
179
5
179
320
577
603
179
5
179
320
577
603
179
5
179
320
577
603
179
5
179
320
577
603
179
5
179
320
577
603
179
5
179
320
577
603
385
556
102
361
206
589
326
38
28
28
320
170
615
615
178
93
322
322
322
322
610
283
107
454
137
109
109
508
342
374
374
402
202
186
370
202
186
370
319
158
439
28
516
114
32
307
32
307
5
5
5
604
604
102
137
399
556
102
5
326
326
179
179
158
158
326
179
602
326
326
179
179
158
326
179
602
158
179
326
206
326
179
602
158
158
158
179
326
206
326
179
602
42
6
185
209
384
315
517
42
179
179
384
209
384
179
179
384
209
179
384
179
384
209
384
209
384
209
384
209
384
384
315
315
517
517
42
42
6
185
178
179
577
577
326
206
326
179
602
179
179
179
179
384
179
384
384
209
384
209
209
384
384
315
315
517
517
42
6
185
178
179
577
577
326
206
326
179
602
577
326
206
326
179
602
577
326
206
326
179
602
206
326
179
602
206
326
179
602
278
77
320
320
320
178
206
20
604
326
604
284
284
326
326
185
179
20
185
179
20
399
399
399
399
399
361
450
5
5
5
5
5
5
584
179
168
168
517
201
168
168
517
168
517
283
283
28
107
454
454
277
28
137
610
178
277
375
375
182
178
375
50
447
50
447
179
337
337
244
218
218
218
32
307
307
542
454
454
224
361
320
179
320
320
320
320
179
179
178
178
277
179
277
179
384
417
277
102
102
102
277
277
179
277
179
384
417
277
179
384
417
557
179
179
179
179
277
179
179
277
277
179
179
417
179
278
278
278
278
185
185
179
179
577
244
326
454
454
610
610
283
283
28
107
454
454
205
593
185
239
307
383
383
383
383
383
383
383
307
157
179
20
205
610
93
28
610
610
310
556
102
374
179
618
454
618
454
454
401
499
20
106
106
610
162
162
288
512
179
179
5
179
5
5
584
584
179
5
179
178
502
178
502
502
502
178
277
577
577
190
61
190
190
32
102
375
179
326
527
413
178
413
178
178
178
413
178
452
452
376
446
162
239
32
307
179
179
455
185
617
384
384
384
349
349
615
179
352
513
399
454
601
203
162
162
105
307
530
376
376
619
18
158
384
376
619
18
173
173
5
5
173
5
179
173
178
179
577
173
173
138
604
162
178
226
518
158
179
179
117
179
179
556
178
577
577
403
205
178
205
178
178
610
341
341
341
341
159
337
454
577
454
577
334
20
341
159
337
454
577
341
159
337
454
577
341
159
337
454
577
341
159
337
454
577
341
159
337
454
577
341
341
159
337
454
577
454
577
454
577
454
577
454
577
454
577
454
577
334
334
334
334
334
334
20
20
20
20
20
20
178
396
185
179
556
277
556
179
556
185
185
179
556
277
556
179
556
277
556
179
556
277
556
599
481
450
326
326
326
179
326
326
326
326
326
326
326
326
326
326
326
326
326
179
29
29
179
20
258
533
141
141
281
226
518
463
537
281
518
326
179
407
407
322
322
322
556
102
361
307
397
384
384
454
454
454
454
28
68
205
106
610
258
258
562
529
110
529
610
179
179
5
452
576
313
389
244
162
224
556
20
499
20
20
32
307
307
244
179
399
455
455
307
32
307
307
396
179
179
337
30
179
337
321
611
142
374
142
374
374
454
310
440
24
299
299
142
142
142
374
374
454
310
440
24
