1.569832317555669779e-02
2.038076207641755996e-03
1.523957115900313698e-03
1.329185919339351046e-03
1.215649403208322920e-03
1.137219172162638823e-03
1.081313889786692439e-03
1.033479754010022296e-03
9.968436433311540518e-04
9.630413590656789749e-04
9.346136879348399982e-04
9.114161587083190186e-04
8.891904421806863697e-04
8.708019288940235889e-04
8.518968474428089506e-04
8.366402978080799942e-04
8.233863778526504884e-04
8.106029584254519603e-04
7.984050252949895969e-04
7.882201560562080616e-04
7.795679067097404909e-04
7.652779706036729260e-04
7.585453568759250881e-04
7.498777986249548265e-04
7.402461173485670211e-04
7.348875810410698990e-04
7.280222755678905991e-04
7.206123131228666431e-04
7.155390369721008987e-04
7.089715726991157501e-04
7.027194661461068272e-04
6.948294088834515089e-04
6.906990202300823884e-04
6.857759727352520608e-04
6.816829987889654573e-04
6.779140083332900598e-04
6.697729149161664930e-04
6.691645049989778347e-04
6.611729536900919774e-04
6.587857783106940536e-04
