3.471006694140339830e-03
6.517077321776236108e-04
5.715271225542067511e-04
5.342476745709531967e-04
5.092833378574303151e-04
4.906318979397822615e-04
4.760045166312213967e-04
4.659005885564045080e-04
4.568638317384688492e-04
4.508117620659681272e-04
4.420441562347421556e-04
4.373145161504828223e-04
4.304052161339554290e-04
4.285389769840050448e-04
4.240269278693228070e-04
4.195952238553184339e-04
4.172178665052404443e-04
4.179377554233024237e-04
4.130642592946264478e-04
4.768325354279272601e-04
