6.924139746157889075e-01
6.910304415712247295e-01
6.896153530862940695e-01
6.881388830272106016e-01
6.865704902453774183e-01
6.848677977932373651e-01
6.829769744072320403e-01
6.808260792555529406e-01
6.783081153934394925e-01
6.752673154103022712e-01
6.714421802450959431e-01
6.664048373192783536e-01
6.593353052866739450e-01
6.485442052422262238e-01
6.297601543591971884e-01
5.883165098527068926e-01
4.084250937774654977e-01
1.231967217941285081e-01
6.963998221205963679e-02
5.465037337281728608e-02
