6.142960473384043163e-03
8.333548820308566817e-04
6.759864802076119041e-04
6.159071400309216017e-04
5.800478504069956753e-04
5.575107547679845421e-04
5.403966021882238274e-04
5.255647051150031269e-04
5.141808990613729166e-04
5.050840305433051264e-04
4.965646204934619614e-04
4.893168320044496587e-04
4.836001013127465406e-04
4.766688689916981228e-04
4.717006640324353478e-04
4.676346891384111333e-04
4.619627157275650034e-04
4.581296577358175159e-04
4.549837564654238883e-04
4.503933217824850391e-04
