1.069685556188632383e-02
2.046679360101147718e-03
1.545298206932809934e-03
1.307844260776448893e-03
1.180480285349586001e-03
1.105082558110205473e-03
1.052034609081038078e-03
1.017101882314799203e-03
9.923296215894393361e-04
9.759293198790736958e-04
9.642079010939526209e-04
9.591147089417015196e-04
9.512031889437585000e-04
9.575883447122181822e-04
9.545318688117199407e-04
9.574751719988269143e-04
9.675223676610421927e-04
9.719609487799169478e-04
9.806551748003187324e-04
9.789462439371526652e-04
9.988395972225390645e-04
1.010024353606660437e-03
1.009804892025403193e-03
1.034071836858298709e-03
1.037183403394273829e-03
1.077641763230670997e-03
1.098553785570697411e-03
1.101296523260440058e-03
1.167766651074081353e-03
1.162384015019798152e-03
1.211148385397485192e-03
1.227383521915823787e-03
1.262605412758488390e-03
1.299762305474627894e-03
1.343998936199258419e-03
1.409459343331392021e-03
1.513819859864303256e-03
1.710499210579960678e-03
2.086116262354488667e-03
2.801687442414351002e-03
