1.284977995429693182e-02
1.971864515653191843e-03
1.553839187259745905e-03
1.371306615031589763e-03
1.253058070036663571e-03
1.180004609604686731e-03
1.125462200261174430e-03
1.085639842579875450e-03
1.051637568790050447e-03
1.022126561055906532e-03
1.001946822743165350e-03
9.796086942969483603e-04
9.621012321052577936e-04
9.463828105209570523e-04
9.319053883150227313e-04
9.172707572260974497e-04
9.052217580937666885e-04
8.977991134151051215e-04
8.906133910244450882e-04
8.774102120844503878e-04
8.701639100688625785e-04
8.626891471151835675e-04
8.539673720290595410e-04
8.475244871522792352e-04
8.387758962422023519e-04
8.347582694698302448e-04
8.308107232361436854e-04
8.254327065433652308e-04
8.184479713822019218e-04
8.131954290789045236e-04
8.126418150731949328e-04
8.065716857377722973e-04
7.999934698693678429e-04
7.970999063891910305e-04
7.940172744435264416e-04
7.898069269364992300e-04
7.891741126312090638e-04
7.851642718720237878e-04
7.788185726891283479e-04
7.769722138894408952e-04
