3.727921480985489644e-02
1.651476011275041303e-02
1.562506210210859101e-02
1.523560526828988612e-02
1.501647187304392533e-02
1.487381206137793239e-02
1.476845509740693299e-02
1.468544552739476164e-02
1.459691351250882660e-02
1.452960556524586846e-02
1.446786081213175673e-02
1.440617573864882289e-02
1.434806982591122632e-02
1.428291820105857812e-02
1.424178046008421281e-02
1.419862194010651675e-02
1.414159494708375209e-02
1.410761111186514816e-02
1.406778401114426591e-02
1.401914547512674719e-02
1.398234302410116155e-02
1.392716591388253392e-02
1.389818015833908620e-02
1.385270554593532114e-02
1.381145707636323265e-02
1.376417251869845558e-02
1.372849035524542800e-02
1.368113630049672298e-02
1.364986322338651407e-02
1.360166990667446320e-02
1.356198827496146730e-02
1.353391989318359148e-02
1.348545807495730130e-02
1.345447803210252091e-02
1.340157438589851917e-02
1.336667354105913232e-02
1.331781687936128486e-02
1.326282315008137959e-02
1.324556313723764672e-02
1.320808378370940707e-02
