7.710833310583181839e-03
9.398580767846048374e-04
7.313803284598728062e-04
6.548676771416468484e-04
6.129808669809670013e-04
5.861282330581664033e-04
5.662949801235523696e-04
5.490901300795908869e-04
5.363864349845347441e-04
5.245495006122719277e-04
5.161054314967409998e-04
5.078442570369456812e-04
4.991334822200793175e-04
4.930485832317725017e-04
4.862129920289810694e-04
4.808103523966000457e-04
4.744656621470598164e-04
4.696706320219778789e-04
4.652669455588806383e-04
4.619378825521841037e-04
