1.734319035794359976e-02
5.152473507292106188e-03
4.473127645392671083e-03
4.156824204017641258e-03
3.917113659861874188e-03
3.703716099238896307e-03
3.491646419430864332e-03
3.280151353007194903e-03
3.098256359995363134e-03
2.956534020993611175e-03
2.830687715873749736e-03
2.737721043706235931e-03
2.638959384258004505e-03
2.547287521303893791e-03
2.484195209669486874e-03
2.405387397908275056e-03
2.345006203699337953e-03
2.293674961538033109e-03
2.236753184443321472e-03
2.199336529903272823e-03
