2.492646443258877270e-02
2.841938201656482761e-03
2.473741563893587861e-03
2.151506155453053720e-03
1.940018532058989916e-03
1.811082286141069706e-03
1.708981650686278338e-03
1.633601503802028457e-03
1.581029890152567180e-03
1.539651047278912943e-03
1.504496737794144921e-03
1.475466186937741042e-03
1.450102516394575743e-03
1.430852455278403554e-03
1.413033240842684942e-03
1.394577416813808654e-03
1.378044497310696023e-03
1.361048729163903855e-03
1.346643752174635309e-03
1.332473601637627772e-03
1.313079803680860342e-03
1.302722853757567762e-03
1.290077866070458990e-03
1.275330881145167331e-03
1.266892151423523391e-03
1.256189251525821225e-03
1.247441913546325351e-03
1.235172645245142349e-03
1.233804951210579291e-03
1.221660516077449719e-03
1.210085269342144358e-03
1.204600772181911410e-03
1.193641368215128369e-03
1.188621949027545950e-03
1.178702600823671853e-03
1.178850540473008746e-03
1.167535781821554689e-03
1.163888844812815048e-03
1.157650403702391913e-03
1.150637726619812206e-03
