1.108011757590168789e-02
2.813307300855591008e-03
2.229438943693214104e-03
1.783168739556145830e-03
1.541314161557521710e-03
1.458471837769994683e-03
1.339169378724609045e-03
1.253258308827694470e-03
1.203054857955389734e-03
1.160090941441723963e-03
1.125956068522986553e-03
1.093092606660916533e-03
1.071945798207789725e-03
1.048931382760239211e-03
1.031168073492646272e-03
1.015586683178036674e-03
9.992174441243572430e-04
9.874105912344958037e-04
9.755645980200189750e-04
9.635095396365391017e-04
9.558882698212028224e-04
9.451983938519584920e-04
9.350305833224142405e-04
9.296948236214640053e-04
9.235031843577572478e-04
9.164768747348420131e-04
9.128182745970492284e-04
9.034778217126053718e-04
8.995610904707996907e-04
8.948931355369693554e-04
8.897247654130151359e-04
8.849333229332386006e-04
8.806492733699739601e-04
8.762911097610718300e-04
8.730444490058681967e-04
8.686076067988873686e-04
8.641571075906364328e-04
8.615596828332407111e-04
8.578001812281130624e-04
8.552604766898351139e-04
8.502131810275439204e-04
8.503918937471239810e-04
8.443215976868794631e-04
8.428698971761468478e-04
8.397442877821455686e-04
8.397514691752116112e-04
8.356185690976541958e-04
8.315959263732475033e-04
8.288456528401018939e-04
8.276244642459410633e-04
