3.394811815864447468e-01
4.230019493177387679e-01
4.562902983955615666e-01
4.670865197180986694e-01
4.834307992202728776e-01
4.928774928774928843e-01
5.018743439796071737e-01
5.135702504123557111e-01
5.276653171390013330e-01
5.393612235717498704e-01
5.443094916779127601e-01
5.554056080371869708e-01
5.576548208127155570e-01
5.698005698005698116e-01
5.715999400209926806e-01
5.756485230169440248e-01
5.805967911231069145e-01
5.856950067476383026e-01
5.918428550007497346e-01
5.946918578497525365e-01
5.972409656620183416e-01
5.999400209926525340e-01
6.065377118008696833e-01
6.095366621682410946e-01
6.117858749437696808e-01
6.183835657519868301e-01
6.195831458989353724e-01
6.198830409356724802e-01
6.258809416704153028e-01
6.309791572949468019e-01
6.288798920377868251e-01
6.338281601439496038e-01
6.351776878092667555e-01
6.369770580296896245e-01
6.419253261358524032e-01
6.449242765032239255e-01
6.452241715399610333e-01
6.482231219073324446e-01
6.489728594991752697e-01
6.474733843154896196e-01
6.518218623481781826e-01
6.539211276053381594e-01
6.536212325686009406e-01
6.567701304543409613e-01
6.551207077522867017e-01
6.581196581196581130e-01
6.612685560053981337e-01
6.599190283400809820e-01
6.621682411156095682e-01
6.632178737441895011e-01
6.663667716299295218e-01
6.657669815564551952e-01
6.681661418503523908e-01
6.678662468136152830e-01
6.707152496626180849e-01
6.714649872544609099e-01
6.704153546258809770e-01
6.731144099565151695e-01
6.744639376218323212e-01
6.743139901034638228e-01
6.759634128055180824e-01
6.749137801769380385e-01
6.756635177687809746e-01
6.773129404708352341e-01
6.794122057279952109e-01
6.792622582096266015e-01
6.783625730994151670e-01
6.821112610586295144e-01
6.809116809116808611e-01
6.824111560953666222e-01
6.803118908382066454e-01
6.818113660218922956e-01
6.837606837606837740e-01
6.857100014994751414e-01
6.857100014994751414e-01
6.855600539811066430e-01
6.848103163892637069e-01
6.852601589443694241e-01
6.890088469035837715e-01
6.861598440545808586e-01
6.905083220872694216e-01
6.885590043484780542e-01
6.896086369770579871e-01
6.920077972709551828e-01
6.912580596791123577e-01
6.929074823811666173e-01
6.906582696056380311e-01
6.923076923076922906e-01
6.951566951566952035e-01
6.930574298995351157e-01
6.948568001199579847e-01
6.950067476383265941e-01
6.974059079322236787e-01
6.966561703403808536e-01
6.987554355975408305e-01
6.972559604138551803e-01
6.986054880791723320e-01
6.984555405608037226e-01
7.014544909281751339e-01
7.001049632628579822e-01
7.014544909281751339e-01
6.995051731893837665e-01
7.016044384465437433e-01
7.023541760383865684e-01
7.026540710751236762e-01
7.025041235567551778e-01
7.026540710751236762e-01
7.029539661118608951e-01
7.052031788873893703e-01
7.058029689608636970e-01
7.076023391812865659e-01
7.043034937771779358e-01
7.065527065527065220e-01
7.079022342180236738e-01
7.056530214424950875e-01
7.074523916629179565e-01
7.109011845853950851e-01
7.094017094017094349e-01
7.095516569200779333e-01
7.104513420302893678e-01
7.070025491078122393e-01
7.098515519568151522e-01
7.095516569200779333e-01
7.077522866996551754e-01
7.131503973609236713e-01
7.094017094017094349e-01
7.128505023241865635e-01
7.133003448792922807e-01
7.146498725446094324e-01
7.125506072874493446e-01
7.109011845853950851e-01
7.143499775078722136e-01
7.142000299895037152e-01
7.131503973609236713e-01
7.127005548058179540e-01
7.142000299895037152e-01
7.131503973609236713e-01
7.127005548058179540e-01
7.136002399160293885e-01
7.139001349527664964e-01
7.155495576548208669e-01
7.153996101364522575e-01
7.167491378017694093e-01
7.149497675813465403e-01
7.162992952466636920e-01
7.146498725446094324e-01
7.162992952466636920e-01
7.156995051731893653e-01
7.180986654670865610e-01
7.144999250262408230e-01
7.159994002099264732e-01
7.177987704303493421e-01
7.165991902834007998e-01
7.159994002099264732e-01
7.167491378017694093e-01
7.183985605038236688e-01
7.188484030589293861e-01
7.206477732793522550e-01
7.188484030589293861e-01
7.180986654670865610e-01
7.212475633528264707e-01
7.197480881691408205e-01
7.198980356875093189e-01
7.206477732793522550e-01
7.204978257609836456e-01
7.204978257609836456e-01
7.212475633528264707e-01
7.212475633528264707e-01
7.212475633528264707e-01
7.204978257609836456e-01
7.212475633528264707e-01
7.213975108711950801e-01
7.222971959814065146e-01
7.234967761283550569e-01
7.221472484630379052e-01
7.227470385365122318e-01
7.227470385365122318e-01
7.203478782426150362e-01
7.231968810916179491e-01
7.230469335732493397e-01
7.215474583895636895e-01
7.233468286099865585e-01
7.216974059079321879e-01
7.251461988304093165e-01
7.245464087569351008e-01
7.245464087569351008e-01
7.215474583895636895e-01
7.236467236467236663e-01
7.224471434997751240e-01
7.240965662018293836e-01
7.248463037936722086e-01
7.263457789773579698e-01
7.231968810916179491e-01
7.257459889038836431e-01
7.258959364222522526e-01
7.254460938671465353e-01
7.225970910181436224e-01
7.249962513120408181e-01
7.242465137201978820e-01
7.264957264957264682e-01
7.260458839406207510e-01
7.239466186834607742e-01
7.251461988304093165e-01
7.246963562753035992e-01
7.254460938671465353e-01
7.261958314589893604e-01
7.266456740140950776e-01
7.260458839406207510e-01
7.267956215324636871e-01
7.251461988304093165e-01
7.252961463487779259e-01
7.249962513120408181e-01
7.261958314589893604e-01
7.258959364222522526e-01
7.266456740140950776e-01
7.281451491977807278e-01
7.272454640875694043e-01
7.266456740140950776e-01
7.266456740140950776e-01
7.275453591243065121e-01
7.264957264957264682e-01
7.260458839406207510e-01
7.291947818263607717e-01
7.282950967161493372e-01
7.294946768630978795e-01
7.278452541610436199e-01
7.273954116059379027e-01
7.278452541610436199e-01
7.294946768630978795e-01
7.287449392712550544e-01
7.276953066426750105e-01
7.273954116059379027e-01
7.291947818263607717e-01
7.306942570100465328e-01
7.281451491977807278e-01
7.335432598590493347e-01
7.299445194182035968e-01
7.300944669365722062e-01
7.326435747488379002e-01
7.305443094916779234e-01
7.293447293447293811e-01
7.305443094916779234e-01
7.306942570100465328e-01
7.290448343079921623e-01
7.330934173039436175e-01
7.315939421202578563e-01
7.306942570100465328e-01
7.308442045284150312e-01
7.312940470835207485e-01
7.308442045284150312e-01
7.303943619733093140e-01
7.306942570100465328e-01
7.308442045284150312e-01
7.324936272304692908e-01
7.294946768630978795e-01
7.317438896386264657e-01
7.306942570100465328e-01
7.299445194182035968e-01
7.303943619733093140e-01
7.317438896386264657e-01
7.329434697855750080e-01
7.323436797121007924e-01
7.330934173039436175e-01
7.341430499325236614e-01
7.303943619733093140e-01
7.318938371569950752e-01
7.314439946018893579e-01
7.329434697855750080e-01
7.311440995651522501e-01
7.341430499325236614e-01
7.350427350427350959e-01
7.323436797121007924e-01
7.338431548957864425e-01
7.345928924876293786e-01
7.345928924876293786e-01
7.339931024141550520e-01
7.329434697855750080e-01
7.350427350427350959e-01
7.338431548957864425e-01
7.332433648223122269e-01
7.344429449692607692e-01
7.330934173039436175e-01
7.336932073774179441e-01
7.345928924876293786e-01
7.330934173039436175e-01
7.338431548957864425e-01
7.347428400059978770e-01
7.338431548957864425e-01
7.332433648223122269e-01
7.333933123406807253e-01
7.341430499325236614e-01
7.305443094916779234e-01
7.350427350427350959e-01
7.338431548957864425e-01
7.351926825611035943e-01
7.353426300794722037e-01
7.356425251162093115e-01
7.348927875243664865e-01
7.344429449692607692e-01
7.351926825611035943e-01
7.356425251162093115e-01
7.371420002998950727e-01
7.342929974508921598e-01
7.353426300794722037e-01
7.387914230019493322e-01
7.366921577447893554e-01
7.356425251162093115e-01
7.369920527815264633e-01
7.377417903733692883e-01
7.375918428550007899e-01
7.356425251162093115e-01
7.353426300794722037e-01
7.386414754835807228e-01
7.371420002998950727e-01
7.378917378917378977e-01
7.366921577447893554e-01
7.351926825611035943e-01
7.347428400059978770e-01
7.380416854101065072e-01
7.357924726345779209e-01
7.360923676713150288e-01
7.350427350427350959e-01
7.347428400059978770e-01
7.351926825611035943e-01
7.353426300794722037e-01
7.354925775978407021e-01
7.360923676713150288e-01
7.363922627080521366e-01
7.356425251162093115e-01
7.368421052631578538e-01
7.384915279652122244e-01
7.377417903733692883e-01
7.380416854101065072e-01
7.368421052631578538e-01
7.356425251162093115e-01
7.363922627080521366e-01
7.366921577447893554e-01
7.369920527815264633e-01
7.372919478182635711e-01
7.378917378917378977e-01
7.381916329284750056e-01
7.383415804468436150e-01
7.390913180386864401e-01
7.366921577447893554e-01
7.353426300794722037e-01
7.359424201529464193e-01
7.371420002998950727e-01
7.384915279652122244e-01
7.381916329284750056e-01
7.387914230019493322e-01
7.383415804468436150e-01
7.386414754835807228e-01
7.398410556305292651e-01
7.387914230019493322e-01
7.374418953366321805e-01
7.384915279652122244e-01
7.383415804468436150e-01
7.383415804468436150e-01
7.369920527815264633e-01
7.386414754835807228e-01
7.377417903733692883e-01
7.371420002998950727e-01
7.369920527815264633e-01
7.351926825611035943e-01
7.384915279652122244e-01
7.384915279652122244e-01
7.366921577447893554e-01
7.363922627080521366e-01
7.377417903733692883e-01
7.353426300794722037e-01
7.353426300794722037e-01
7.339931024141550520e-01
7.374418953366321805e-01
7.341430499325236614e-01
7.368421052631578538e-01
7.377417903733692883e-01
7.368421052631578538e-01
7.387914230019493322e-01
7.386414754835807228e-01
7.368421052631578538e-01
7.398410556305292651e-01
7.386414754835807228e-01
7.411905832958464169e-01
7.411905832958464169e-01
7.386414754835807228e-01
7.399910031488978746e-01
7.386414754835807228e-01
7.390913180386864401e-01
7.396911081121607667e-01
7.387914230019493322e-01
7.405907932223722012e-01
7.408906882591093090e-01
7.393912130754235479e-01
7.380416854101065072e-01
7.386414754835807228e-01
7.392412655570550495e-01
7.393912130754235479e-01
7.371420002998950727e-01
7.395411605937921573e-01
7.411905832958464169e-01
7.384915279652122244e-01
7.389413705203179417e-01
7.390913180386864401e-01
7.408906882591093090e-01
7.395411605937921573e-01
7.393912130754235479e-01
7.402908981856349824e-01
7.392412655570550495e-01
7.390913180386864401e-01
7.399910031488978746e-01
7.422402159244264608e-01
7.389413705203179417e-01
7.390913180386864401e-01
7.383415804468436150e-01
7.410406357774779185e-01
7.375918428550007899e-01
7.402908981856349824e-01
7.393912130754235479e-01
7.401409506672664840e-01
7.389413705203179417e-01
7.390913180386864401e-01
7.411905832958464169e-01
7.425401109611635686e-01
7.393912130754235479e-01
7.416404258509521341e-01
7.404408457040035918e-01
7.383415804468436150e-01
7.392412655570550495e-01
7.392412655570550495e-01
7.393912130754235479e-01
7.396911081121607667e-01
7.416404258509521341e-01
7.411905832958464169e-01
7.410406357774779185e-01
7.401409506672664840e-01
7.393912130754235479e-01
7.399910031488978746e-01
7.408906882591093090e-01
7.399910031488978746e-01
7.398410556305292651e-01
7.413405308142150263e-01
7.414904783325836357e-01
7.422402159244264608e-01
7.408906882591093090e-01
7.404408457040035918e-01
7.416404258509521341e-01
7.389413705203179417e-01
7.399910031488978746e-01
7.402908981856349824e-01
7.407407407407406996e-01
7.416404258509521341e-01
7.420902684060578514e-01
7.413405308142150263e-01
7.392412655570550495e-01
7.402908981856349824e-01
7.419403208876893530e-01
7.410406357774779185e-01
7.419403208876893530e-01
7.404408457040035918e-01
7.404408457040035918e-01
7.422402159244264608e-01
7.423901634427950702e-01
7.425401109611635686e-01
7.404408457040035918e-01
7.408906882591093090e-01
7.389413705203179417e-01
7.413405308142150263e-01
7.416404258509521341e-01
7.417903733693207435e-01
7.393912130754235479e-01
7.404408457040035918e-01
7.404408457040035918e-01
7.410406357774779185e-01
7.390913180386864401e-01
7.402908981856349824e-01
7.419403208876893530e-01
7.422402159244264608e-01
7.428400059979007874e-01
7.423901634427950702e-01
7.414904783325836357e-01
7.416404258509521341e-01
7.411905832958464169e-01
7.438896386264807203e-01
7.419403208876893530e-01
7.383415804468436150e-01
7.416404258509521341e-01
7.419403208876893530e-01
7.408906882591093090e-01
7.416404258509521341e-01
7.413405308142150263e-01
7.411905832958464169e-01
7.428400059979007874e-01
7.417903733693207435e-01
7.420902684060578514e-01
7.417903733693207435e-01
7.431399010346378953e-01
7.404408457040035918e-01
7.411905832958464169e-01
7.425401109611635686e-01
7.447893237366921548e-01
7.408906882591093090e-01
7.431399010346378953e-01
7.431399010346378953e-01
7.435897435897436125e-01
7.425401109611635686e-01
7.422402159244264608e-01
7.432898485530063937e-01
7.426900584795321780e-01
7.420902684060578514e-01
7.422402159244264608e-01
7.416404258509521341e-01
7.434397960713750031e-01
7.416404258509521341e-01
7.426900584795321780e-01
7.432898485530063937e-01
7.422402159244264608e-01
7.420902684060578514e-01
7.426900584795321780e-01
7.426900584795321780e-01
7.420902684060578514e-01
7.419403208876893530e-01
7.399910031488978746e-01
7.402908981856349824e-01
7.416404258509521341e-01
7.414904783325836357e-01
7.416404258509521341e-01
7.416404258509521341e-01
7.428400059979007874e-01
7.429899535162692858e-01
7.417903733693207435e-01
7.411905832958464169e-01
7.419403208876893530e-01
7.405907932223722012e-01
7.423901634427950702e-01
7.420902684060578514e-01
7.423901634427950702e-01
7.429899535162692858e-01
7.435897435897436125e-01
7.426900584795321780e-01
7.422402159244264608e-01
7.419403208876893530e-01
7.417903733693207435e-01
7.428400059979007874e-01
7.455390613285349799e-01
7.438896386264807203e-01
7.419403208876893530e-01
7.395411605937921573e-01
7.426900584795321780e-01
7.422402159244264608e-01
7.417903733693207435e-01
7.420902684060578514e-01
7.410406357774779185e-01
7.419403208876893530e-01
7.422402159244264608e-01
7.408906882591093090e-01
7.390913180386864401e-01
7.413405308142150263e-01
7.416404258509521341e-01
7.410406357774779185e-01
7.429899535162692858e-01
7.420902684060578514e-01
7.426900584795321780e-01
7.432898485530063937e-01
7.413405308142150263e-01
7.437396911081121109e-01
7.438896386264807203e-01
7.428400059979007874e-01
7.425401109611635686e-01
7.413405308142150263e-01
7.429899535162692858e-01
7.425401109611635686e-01
7.431399010346378953e-01
7.416404258509521341e-01
7.408906882591093090e-01
7.431399010346378953e-01
7.402908981856349824e-01
7.431399010346378953e-01
7.423901634427950702e-01
7.422402159244264608e-01
7.428400059979007874e-01
7.432898485530063937e-01
7.422402159244264608e-01
7.429899535162692858e-01
7.426900584795321780e-01
7.410406357774779185e-01
7.405907932223722012e-01
7.432898485530063937e-01
7.420902684060578514e-01
7.440395861448493298e-01
7.446393762183235454e-01
7.432898485530063937e-01
7.444894286999550470e-01
7.435897435897436125e-01
7.441895336632178282e-01
7.423901634427950702e-01
7.443394811815864376e-01
7.428400059979007874e-01
7.423901634427950702e-01
7.440395861448493298e-01
7.423901634427950702e-01
7.431399010346378953e-01
7.437396911081121109e-01
7.422402159244264608e-01
7.414904783325836357e-01
7.434397960713750031e-01
7.447893237366921548e-01
7.423901634427950702e-01
7.440395861448493298e-01
7.447893237366921548e-01
7.425401109611635686e-01
7.435897435897436125e-01
7.431399010346378953e-01
7.440395861448493298e-01
7.431399010346378953e-01
7.410406357774779185e-01
7.410406357774779185e-01
7.419403208876893530e-01
7.417903733693207435e-01
7.416404258509521341e-01
7.432898485530063937e-01
7.434397960713750031e-01
7.422402159244264608e-01
7.434397960713750031e-01
7.446393762183235454e-01
7.441895336632178282e-01
7.438896386264807203e-01
7.426900584795321780e-01
7.440395861448493298e-01
7.426900584795321780e-01
7.434397960713750031e-01
7.426900584795321780e-01
7.419403208876893530e-01
7.422402159244264608e-01
7.428400059979007874e-01
7.426900584795321780e-01
7.426900584795321780e-01
7.416404258509521341e-01
7.408906882591093090e-01
7.435897435897436125e-01
7.411905832958464169e-01
7.434397960713750031e-01
7.447893237366921548e-01
7.423901634427950702e-01
7.428400059979007874e-01
7.426900584795321780e-01
7.429899535162692858e-01
7.437396911081121109e-01
7.437396911081121109e-01
7.429899535162692858e-01
7.434397960713750031e-01
7.431399010346378953e-01
7.432898485530063937e-01
7.404408457040035918e-01
7.413405308142150263e-01
7.423901634427950702e-01
7.446393762183235454e-01
7.425401109611635686e-01
7.422402159244264608e-01
7.429899535162692858e-01
7.411905832958464169e-01
7.428400059979007874e-01
7.437396911081121109e-01
7.434397960713750031e-01
7.417903733693207435e-01
7.426900584795321780e-01
7.438896386264807203e-01
7.425401109611635686e-01
7.437396911081121109e-01
7.441895336632178282e-01
7.435897435897436125e-01
7.450892187734292627e-01
7.441895336632178282e-01
7.446393762183235454e-01
7.437396911081121109e-01
7.449392712550607643e-01
7.447893237366921548e-01
7.455390613285349799e-01
7.420902684060578514e-01
7.450892187734292627e-01
7.437396911081121109e-01
7.459889038836406971e-01
7.428400059979007874e-01
7.449392712550607643e-01
7.452391662917978721e-01
7.440395861448493298e-01
7.441895336632178282e-01
7.446393762183235454e-01
7.450892187734292627e-01
7.453891138101664815e-01
7.431399010346378953e-01
7.432898485530063937e-01
7.456890088469035893e-01
7.461388514020093066e-01
7.438896386264807203e-01
7.452391662917978721e-01
7.458389563652721987e-01
7.461388514020093066e-01
7.440395861448493298e-01
7.438896386264807203e-01
7.446393762183235454e-01
