1.251283084207392877e-02
1.649239770931841846e-03
1.267103857877704964e-03
1.092826788678093837e-03
9.957499498193314591e-04
9.287329869377378448e-04
8.793749579411740168e-04
8.410813336289674766e-04
8.094301259271760021e-04
7.820801107726680496e-04
7.598377684573506732e-04
7.371218413487920463e-04
7.201802097338683541e-04
7.005850000320192972e-04
6.861871995819094792e-04
6.712414765833985518e-04
6.579134141507628252e-04
6.458619161622429277e-04
6.333962974757560965e-04
6.231928851468154958e-04
6.128080737179025014e-04
6.010915817824225797e-04
5.928207051361418381e-04
5.834699423599118721e-04
5.747544672640872519e-04
5.654862834490443193e-04
5.560473552903316035e-04
5.485166915773492932e-04
5.451213762704894576e-04
5.374869106378073452e-04
5.290985733352632529e-04
5.247919312410528414e-04
5.168048993286127133e-04
5.107352896108741363e-04
5.045409794984166653e-04
4.983525908139426657e-04
4.924530781818837197e-04
4.883385561756438962e-04
4.823476530747979572e-04
4.777406985806994621e-04
