1.270837725015470099e-01
2.008567779359828401e-02
1.294015201383554546e-02
1.100873823702219929e-02
9.975860730852744232e-03
9.326210819197608762e-03
8.855139112217873601e-03
8.460624949117378363e-03
8.011494847587853282e-03
7.760855897473675769e-03
7.495696277742915949e-03
7.244159499791884109e-03
7.062034267495982849e-03
6.839729237939089559e-03
6.681136995613305186e-03
6.515822299562468688e-03
6.354753688551898969e-03
6.208551317746853655e-03
6.014435975826407793e-03
5.880430687958189406e-03
5.731448273162837934e-03
5.622225617520828535e-03
5.402346041407941023e-03
5.291899015707634928e-03
5.176452005256386261e-03
5.031856018857444601e-03
4.894909596758614985e-03
4.778256407709174404e-03
4.681482599098820731e-03
4.596472053507561981e-03
4.473095010742353037e-03
4.354316441946010606e-03
4.251041829171484619e-03
4.142665761786348648e-03
4.014593850058719056e-03
3.952839351758309638e-03
3.878424593395410607e-03
3.780123712939983775e-03
3.705165930572629218e-03
3.603405263527483752e-03
3.500410266925376140e-03
3.433553800443881095e-03
3.358088959440640175e-03
3.278801246140083166e-03
3.232263490273823685e-03
3.128311921651160277e-03
3.073760877221861157e-03
3.021238442691579450e-03
2.936665031321673749e-03
2.845127957889483691e-03
2.834662726510587313e-03
2.776018960922202808e-03
2.667204935838930497e-03
2.659623780900398447e-03
2.595649856111428497e-03
2.512330757041096596e-03
2.510380206697388362e-03
2.466485463964800638e-03
2.390287930734801784e-03
2.345435969834025469e-03
2.271797740706685536e-03
2.309126625887109822e-03
2.184864879170656318e-03
2.188721421104344780e-03
2.137088107492003241e-03
2.065532492695025969e-03
2.032788449690287828e-03
1.994028540116262165e-03
1.965082556532886122e-03
1.909385981528129378e-03
1.876291689246265947e-03
1.902030424098233611e-03
1.846306584605059489e-03
1.811111595180347512e-03
1.757687319917431920e-03
1.728369880149327768e-03
1.715131420137988583e-03
1.671431555100598432e-03
1.636227431345359685e-03
1.598738299234113988e-03
1.593078550341604479e-03
1.526668388882609396e-03
1.531218896757088064e-03
1.532847266996041321e-03
1.521181366400367434e-03
1.464926626709070565e-03
1.542418196198405873e-03
1.381683605677980296e-03
1.369722770873595076e-03
1.386008112173362384e-03
1.364684687216545294e-03
1.366245240093141855e-03
1.306867771474279610e-03
1.289793410471965678e-03
1.286300100140883853e-03
1.265148484466611153e-03
1.274891105421156832e-03
1.245409448974790995e-03
1.211668945602580342e-03
1.149019206498917613e-03
