9.634374404216525939e-03
3.047157856380794394e-03
2.369302750637511563e-03
2.052561743100019508e-03
1.826429157949787871e-03
1.649181033655315945e-03
1.519108425727148980e-03
1.435496634541790937e-03
1.375246588670121003e-03
1.327588457043901845e-03
1.284327228230500509e-03
1.251991235362345106e-03
1.220591697217175307e-03
1.194266499266520521e-03
1.168752671925509705e-03
1.145476691944013027e-03
1.125941227917520455e-03
1.109915191341301474e-03
1.095293165186461085e-03
1.077806419341355423e-03
1.064689117542834797e-03
1.054398091336163253e-03
1.040944803610883811e-03
1.032418231974422101e-03
1.022643445275353427e-03
1.011189469928958822e-03
1.004974055698324266e-03
9.976842584449058682e-04
9.899321805963659949e-04
9.822486001846144829e-04
9.750008259284773668e-04
9.693353956481239519e-04
9.644157576607055929e-04
9.585037844120919024e-04
9.535231534123684866e-04
9.473977021782147663e-04
9.423636086957246734e-04
9.377091693377183302e-04
9.360942799990539442e-04
9.314240527106312480e-04
9.250756540193777466e-04
9.232378062605077224e-04
9.191463554483773543e-04
9.166499886705343960e-04
9.122600232673600679e-04
9.083457754906326112e-04
9.045563210079282917e-04
9.020594730095677976e-04
8.989155618335770799e-04
8.956141003250571615e-04
